   9.77517105638980865478515625000000000E-0003     1.9565290480499758E-005
   1.95503421127796173095703125000000000E-0002     3.0217355952367114E-004
   2.93255131691694259643554687500000000E-0002     1.5698531363456353E-003
   3.91006842255592346191406250000000000E-0002     9.9548171502494951E-004
   4.88758552819490432739257812500000000E-0002     1.1632469662847158E-003
   5.86510263383388519287109375000000000E-0002     5.5515302473863081E-004
   6.84261973947286605834960937500000000E-0002     2.3083466819037414E-004
   7.82013684511184692382812500000000000E-0002     1.5139724033875568E-003
   8.79765395075082778930664062500000000E-0002     1.5343187742328768E-003
   9.77517105638980865478515625000000000E-0002     2.0645780350788344E-003
  0.107526881620287895202636718750000000           9.8164365274584970E-004
  0.117302052676677703857421875000000000           1.2728991838476501E-003
  0.127077223733067512512207031250000000           1.9154016109793827E-003
  0.136852394789457321166992187500000000           3.4199502738139467E-004
  0.146627565845847129821777343750000000           3.9912856956633074E-004
  0.156402736902236938476562500000000000           1.3709318811225030E-003
  0.166177907958626747131347656250000000           1.6731268407711851E-003
  0.175953079015016555786132812500000000           3.6548929667362434E-004
  0.185728250071406364440917968750000000           1.1361555913008414E-003
  0.195503421127796173095703125000000000           5.2220496415337331E-004
  0.205278592184185981750488281250000000           1.2426517852566041E-003
  0.215053763240575790405273437500000000           1.8003451621607983E-003
  0.224828934296965599060058593750000000           1.6238325304412892E-003
  0.234604105353355407714843750000000000           2.3257887640907807E-003
  0.244379276409745216369628906250000000           2.1762419835899285E-003
  0.254154447466135025024414062500000000           1.5567116172628191E-003
  0.263929618522524833679199218750000000           7.0568167922328807E-004
  0.273704789578914642333984375000000000           1.8484379068425480E-003
  0.283479960635304450988769531250000000           1.3913952214405128E-003
  0.293255131691694259643554687500000000           1.9805208666624310E-003
  0.303030302748084068298339843750000000           2.4174692408193438E-003
  0.312805473804473876953125000000000000           2.1398544029515528E-003
  0.322580644860863685607910156250000000           1.1589360365311843E-003
  0.332355815917253494262695312500000000           7.4747043445190617E-004
  0.342130986973643302917480468750000000           2.1431544416742267E-003
  0.351906158030033111572265625000000000           1.3458440078667278E-003
  0.361681329086422920227050781250000000           1.9729715729238043E-003
  0.371456500142812728881835937500000000           2.2387667926738624E-003
  0.381231671199202537536621093750000000           2.7262028615633459E-003
  0.391006842255592346191406250000000000           1.4929161183187048E-003
  0.400782013311982154846191406250000000           1.2743547532643473E-003
  0.410557184368371963500976562500000000           2.7633409625814633E-003
  0.420332355424761772155761718750000000           2.2614485148366257E-003
  0.430107526481151580810546875000000000           2.3406486699918574E-003
  0.439882697537541389465332031250000000           2.1547034571768151E-003
  0.449657868593931198120117187500000000           1.0146863601214003E-003
  0.459433039650321006774902343750000000           2.1501495453714447E-003
  0.469208210706710815429687500000000000           2.6737744935844388E-003
  0.478983381763100624084472656250000000           1.4671741663901691E-003
  0.488758552819490432739257812500000000           1.8118831598969902E-003
  0.498533723875880241394042968750000000           2.4892661108543443E-003
  0.508308894932270050048828125000000000           1.9288647947866173E-003
  0.518084065988659858703613281250000000           1.4659818990413105E-003
  0.527859237045049667358398437500000000           1.5571835821440610E-003
  0.537634408101439476013183593750000000           1.7427409165671850E-003
  0.547409579157829284667968750000000000           1.3739682374874353E-003
  0.557184750214219093322753906250000000           2.0306322009367959E-003
  0.566959921270608901977539062500000000           2.8694527684653536E-003
  0.576735092326998710632324218750000000           2.9089963517085287E-003
  0.586510263383388519287109375000000000           1.2280443713070359E-003
  0.596285434439778327941894531250000000           2.9324519274609652E-003
  0.606060605496168136596679687500000000           2.1483139158206539E-003
  0.615835776552557945251464843750000000           2.1878657390342711E-003
  0.625610947608947753906250000000000000           1.8092511402919961E-003
  0.635386118665337562561035156250000000           3.1602605644831501E-003
  0.645161289721727371215820312500000000           2.1906079246286933E-003
  0.654936460778117179870605468750000000           1.7505063393781970E-003
  0.664711631834506988525390625000000000           1.4151300636287328E-003
  0.674486802890896797180175781250000000           3.1445216216643779E-003
  0.684261973947286605834960937500000000           1.4117007935162526E-003
  0.694037145003676414489746093750000000           2.2807051674094206E-003
  0.703812316060066223144531250000000000           2.0625415797271779E-003
  0.713587487116456031799316406250000000           1.8632639126212340E-003
  0.723362658172845840454101562500000000           3.1514529708952335E-003
  0.733137829229235649108886718750000000           2.3979037656860721E-003
  0.742913000285625457763671875000000000           2.2817637040267779E-003
  0.752688171342015266418457031250000000           3.2491659923576449E-003
  0.762463342398405075073242187500000000           1.4815775664356315E-003
  0.772238513454794883728027343750000000           2.9185096040047968E-003
  0.782013684511184692382812500000000000           2.9498283241259768E-003
  0.791788855567574501037597656250000000           3.0788569750491630E-003
  0.801564026623964309692382812500000000           1.6876203564983457E-003
  0.811339197680354118347167968750000000           1.4821548124078268E-003
  0.821114368736743927001953125000000000           2.8407215877420517E-003
  0.830889539793133735656738281250000000           3.2135570328053415E-003
  0.840664710849523544311523437500000000           2.7492599898964244E-003
  0.850439881905913352966308593750000000           2.9755902613493347E-003
  0.860215052962303161621093750000000000           2.9667896327498010E-003
  0.869990224018692970275878906250000000           3.5275611062058196E-003
  0.879765395075082778930664062500000000           3.3183228706295145E-003
  0.889540566131472587585449218750000000           2.0199547366551557E-003
  0.899315737187862396240234375000000000           2.1784461087385634E-003
  0.909090908244252204895019531250000000           2.2799212148232428E-003
  0.918866079300642013549804687500000000           2.6163753927500605E-003
  0.928641250357031822204589843750000000           2.7838410558264303E-003
  0.938416421413421630859375000000000000           3.3052091010393535E-003
  0.948191592469811439514160156250000000           2.4488861562812362E-003
  0.957966763526201248168945312500000000           3.3190687743427385E-003
  0.967741934582591056823730468750000000           2.1858486602825133E-003
  0.977517105638980865478515625000000000           2.4890127751519397E-003
  0.987292276695370674133300781250000000           2.7436824100832862E-003
  0.997067447751760482788085937500000000           2.6156003401852459E-003
   1.00684261880815029144287109375000000           2.2647210530162259E-003
   1.01661778986454010009765625000000000           2.0573212544171206E-003
   1.02639296092092990875244140625000000           2.0183127889133110E-003
   1.03616813197731971740722656250000000           2.8642259919434768E-003
   1.04594330303370952606201171875000000           3.3356065473487935E-003
   1.05571847409009933471679687500000000           1.8066161078923806E-003
   1.06549364514648914337158203125000000           2.8189557548030861E-003
   1.07526881620287895202636718750000000           2.7563963004121005E-003
   1.08504398725926876068115234375000000           3.6793693803759855E-003
   1.09481915831565856933593750000000000           3.2742758486030104E-003
   1.10459432937204837799072265625000000           2.8957315473544195E-003
   1.11436950042843818664550781250000000           3.5767409154278482E-003
   1.12414467148482799530029296875000000           3.0534952401733532E-003
   1.13391984254121780395507812500000000           3.4962346885874544E-003
   1.14369501359760761260986328125000000           2.1398754945108284E-003
   1.15347018465399742126464843750000000           2.2538548210223495E-003
   1.16324535571038722991943359375000000           3.2656082271952146E-003
   1.17302052676677703857421875000000000           2.1047040627625549E-003
   1.18279569782316684722900390625000000           2.0333154032693957E-003
   1.19257086887955665588378906250000000           2.4078191045551313E-003
   1.20234603993594646453857421875000000           1.8717724292420697E-003
   1.21212121099233627319335937500000000           2.7013116792534179E-003
   1.22189638204872608184814453125000000           1.9332512160140439E-003
   1.23167155310511589050292968750000000           3.3057316297455757E-003
   1.24144672416150569915771484375000000           3.7683003899902216E-003
   1.25122189521789550781250000000000000           2.3785597215471551E-003
   1.26099706627428531646728515625000000           2.2665812943933766E-003
   1.27077223733067512512207031250000000           2.5457377677789287E-003
   1.28054740838706493377685546875000000           3.6903266037499895E-003
   1.29032257944345474243164062500000000           3.2259661714061972E-003
   1.30009775049984455108642578125000000           2.2278384338373842E-003
   1.30987292155623435974121093750000000           3.2949968658746373E-003
   1.31964809261262416839599609375000000           2.7088848728872238E-003
   1.32942326366901397705078125000000000           2.7174717159388958E-003
   1.33919843472540378570556640625000000           2.9460835552854929E-003
   1.34897360578179359436035156250000000           2.2460620999315700E-003
   1.35874877683818340301513671875000000           3.1295773640908804E-003
   1.36852394789457321166992187500000000           3.6503765071992313E-003
   1.37829911895096302032470703125000000           3.1432760461088264E-003
   1.38807429000735282897949218750000000           3.8775232541510283E-003
   1.39784946106374263763427734375000000           3.0824558204049302E-003
   1.40762463212013244628906250000000000           2.2697369230977467E-003
   1.41739980317652225494384765625000000           3.9431257528327627E-003
   1.42717497423291206359863281250000000           2.7969414881844046E-003
   1.43695014528930187225341796875000000           2.2657514673534288E-003
   1.44672531634569168090820312500000000           3.1144232509252062E-003
   1.45650048740208148956298828125000000           2.4912032283462785E-003
   1.46627565845847129821777343750000000           2.9661143594124574E-003
   1.47605082951486110687255859375000000           2.9190911509480006E-003
   1.48582600057125091552734375000000000           3.9149747619098181E-003
   1.49560117162764072418212890625000000           2.2464098261406646E-003
   1.50537634268403053283691406250000000           2.3952360639043786E-003
   1.51515151374042034149169921875000000           2.6354038387675100E-003
   1.52492668479681015014648437500000000           3.2564347456539933E-003
   1.53470185585319995880126953125000000           2.2521216052073900E-003
   1.54447702690958976745605468750000000           3.3018148917798515E-003
   1.55425219796597957611083984375000000           3.2429944650787029E-003
   1.56402736902236938476562500000000000           3.6061002114308295E-003
   1.57380254007875919342041015625000000           2.4956742744334471E-003
   1.58357771113514900207519531250000000           2.9526999950841757E-003
   1.59335288219153881072998046875000000           2.7781192278018563E-003
   1.60312805324792861938476562500000000           2.4054552042838389E-003
   1.61290322430431842803955078125000000           2.0549776662772703E-003
   1.62267839536070823669433593750000000           3.8006556691324825E-003
   1.63245356641709804534912109375000000           2.8491941663216121E-003
   1.64222873747348785400390625000000000           2.2789415698422923E-003
   1.65200390852987766265869140625000000           3.8883824147469132E-003
   1.66177907958626747131347656250000000           2.8123537629606674E-003
   1.67155425064265727996826171875000000           2.2522333189909562E-003
   1.68132942169904708862304687500000000           3.7590915486477869E-003
   1.69110459275543689727783203125000000           2.1698906267414737E-003
   1.70087976381182670593261718750000000           2.3074993446518051E-003
   1.71065493486821651458740234375000000           2.1225985710350906E-003
   1.72043010592460632324218750000000000           2.7083292112977911E-003
   1.73020527698099613189697265625000000           2.4807571525644512E-003
   1.73998044803738594055175781250000000           2.2416634211137646E-003
   1.74975561909377574920654296875000000           3.5343652369167027E-003
   1.75953079015016555786132812500000000           2.8750995401193450E-003
   1.76930596120655536651611328125000000           2.6597713270478528E-003
   1.77908113226294517517089843750000000           2.8613743297380713E-003
   1.78885630331933498382568359375000000           3.5705270633890110E-003
   1.79863147437572479248046875000000000           3.8116639665405428E-003
   1.80840664543211460113525390625000000           3.2470984206644650E-003
   1.81818181648850440979003906250000000           2.3696087044017700E-003
   1.82795698754489421844482421875000000           3.2934164627925985E-003
   1.83773215860128402709960937500000000           3.7470109763512102E-003
   1.84750732965767383575439453125000000           2.4241692744952025E-003
   1.85728250071406364440917968750000000           3.6402049261477290E-003
   1.86705767177045345306396484375000000           2.8553938848345927E-003
   1.87683284282684326171875000000000000           2.9189818939421015E-003
   1.88660801388323307037353515625000000           3.1018763981501989E-003
   1.89638318493962287902832031250000000           3.5300492922543955E-003
   1.90615835599601268768310546875000000           3.4002694108258968E-003
   1.91593352705240249633789062500000000           2.8065477175984702E-003
   1.92570869810879230499267578125000000           3.7780888241319577E-003
   1.93548386916518211364746093750000000           3.1339478235238743E-003
   1.94525904022157192230224609375000000           2.7400688939864396E-003
   1.95503421127796173095703125000000000           3.5035634444659826E-003
   1.96480938233435153961181640625000000           3.2247135869254485E-003
   1.97458455339074134826660156250000000           3.2435717447299450E-003
   1.98435972444713115692138671875000000           3.8056802276895786E-003
   1.99413489550352096557617187500000000           3.7322749020861352E-003
   2.00391006655991077423095703125000000           3.5178657706211661E-003
   2.01368523761630058288574218750000000           2.3856672447763847E-003
   2.02346040867269039154052734375000000           2.8734214216364802E-003
   2.03323557972908020019531250000000000           2.8188031482394731E-003
   2.04301075078547000885009765625000000           1.9879942308405276E-003
   2.05278592184185981750488281250000000           2.6002057642814818E-003
   2.06256109289824962615966796875000000           2.9164348655091894E-003
   2.07233626395463943481445312500000000           3.5068180290381730E-003
   2.08211143501102924346923828125000000           2.6242805042952255E-003
   2.09188660606741905212402343750000000           3.1940490710608629E-003
   2.10166177712380886077880859375000000           3.4632659293697002E-003
   2.11143694818019866943359375000000000           3.1460428548221310E-003
   2.12121211923658847808837890625000000           3.3060548246625927E-003
   2.13098729029297828674316406250000000           3.1073781430856619E-003
   2.14076246134936809539794921875000000           3.1672699888196454E-003
   2.15053763240575790405273437500000000           1.7113935093624976E-003
   2.16031280346214771270751953125000000           3.4344811789094446E-003
   2.17008797451853752136230468750000000           2.7014453170324452E-003
   2.17986314557492733001708984375000000           2.5670099009317336E-003
   2.18963831663131713867187500000000000           1.7594889006507745E-003
   2.19941348768770694732666015625000000           3.0445275972517455E-003
   2.20918865874409675598144531250000000           2.5839959485946550E-003
   2.21896382980048656463623046875000000           2.9297407322820684E-003
   2.22873900085687637329101562500000000           2.9466020919163313E-003
   2.23851417191326618194580078125000000           1.9695830764884627E-003
   2.24828934296965599060058593750000000           3.3915611449053529E-003
   2.25806451402604579925537109375000000           3.2777294967379984E-003
   2.26783968508243560791015625000000000           3.3135242084050684E-003
   2.27761485613882541656494140625000000           2.6087601200228115E-003
   2.28739002719521522521972656250000000           1.7864848655608449E-003
   2.29716519825160503387451171875000000           2.3958769085007164E-003
   2.30694036930799484252929687500000000           3.4608512966711785E-003
   2.31671554036438465118408203125000000           1.8999925243306619E-003
   2.32649071142077445983886718750000000           2.3476375905349656E-003
   2.33626588247716426849365234375000000           2.0735787663226507E-003
   2.34604105353355407714843750000000000           2.4578184731109389E-003
   2.35581622458994388580322265625000000           3.1777566781402721E-003
   2.36559139564633369445800781250000000           2.2803129947910005E-003
   2.37536656670272350311279296875000000           2.3219053829046325E-003
   2.38514173775911331176757812500000000           2.9859887269945533E-003
   2.39491690881550312042236328125000000           2.0887211398355316E-003
   2.40469207987189292907714843750000000           1.7670293082842864E-003
   2.41446725092828273773193359375000000           3.3276826122017244E-003
   2.42424242198467254638671875000000000           1.6219891118639752E-003
   2.43401759304106235504150390625000000           2.5609621855719970E-003
   2.44379276409745216369628906250000000           2.5177672516868955E-003
   2.45356793515384197235107421875000000           1.2712147958448793E-003
   2.46334310621023178100585937500000000           1.2566195957978512E-003
   2.47311827726662158966064453125000000           2.7862828436569136E-003
   2.48289344832301139831542968750000000           2.6788475112548300E-003
   2.49266861937940120697021484375000000           1.8470138593293928E-003
   2.50244379043579101562500000000000000           2.0284724715025518E-003
   2.51221896149218082427978515625000000           2.5422655846017517E-003
   2.52199413254857063293457031250000000           2.5225403989604699E-003
   2.53176930360496044158935546875000000           1.5559688091728065E-003
   2.54154447466135025024414062500000000           2.8022042477190497E-003
   2.55131964571774005889892578125000000           2.5310167889041595E-003
   2.56109481677412986755371093750000000           2.7542965792042543E-003
   2.57086998783051967620849609375000000           1.2695781063380659E-003
   2.58064515888690948486328125000000000           1.2274525531124892E-003
   2.59042032994329929351806640625000000           2.5753821453619375E-003
   2.60019550099968910217285156250000000           2.2898111399951909E-003
   2.60997067205607891082763671875000000           1.4415686682143823E-003
   2.61974584311246871948242187500000000           1.4240575477576954E-003
   2.62952101416885852813720703125000000           1.1420897701029263E-003
   2.63929618522524833679199218750000000           1.7405253738982769E-003
   2.64907135628163814544677734375000000           2.8500174485269966E-003
   2.65884652733802795410156250000000000           2.8235166999332501E-003
   2.66862169839441776275634765625000000           1.6907732196722752E-003
   2.67839686945080757141113281250000000           1.4320481791192600E-003
   2.68817204050719738006591796875000000           2.2604241385699038E-003
   2.69794721156358718872070312500000000           1.4265396971877228E-003
   2.70772238261997699737548828125000000           2.3945027857321063E-003
   2.71749755367636680603027343750000000           2.3907224915331714E-003
   2.72727272473275661468505859375000000           1.6500542690744044E-003
   2.73704789578914642333984375000000000           1.3515121792758295E-003
   2.74682306684553623199462890625000000           1.1571257556177543E-003
   2.75659823790192604064941406250000000           7.7374008121030137E-004
   2.76637340895831584930419921875000000           1.1166005530637596E-003
   2.77614858001470565795898437500000000           2.6811994804631497E-003
   2.78592375107109546661376953125000000           1.1845431774258643E-003
   2.79569892212748527526855468750000000           2.3175273122833196E-003
   2.80547409318387508392333984375000000           9.3256037347742707E-004
   2.81524926424026489257812500000000000           1.4374502505383390E-003
   2.82502443529665470123291015625000000           1.8246345468175783E-003
   2.83479960635304450988769531250000000           9.5776673321378480E-004
   2.84457477740943431854248046875000000           2.2420492309651865E-003
   2.85434994846582412719726562500000000           8.8208011537246856E-004
   2.86412511952221393585205078125000000           2.5237159166576553E-003
   2.87390029057860374450683593750000000           1.0433505025847134E-003
   2.88367546163499355316162109375000000           9.7733280012238613E-004
   2.89345063269138336181640625000000000           6.9448138831311760E-004
   2.90322580374777317047119140625000000           9.1105282093594854E-004
   2.91300097480416297912597656250000000           1.7226466596121316E-003
   2.92277614586055278778076171875000000           1.8261635970772689E-003
   2.93255131691694259643554687500000000           2.0045840267615867E-003
   2.94232648797333240509033203125000000           1.7883858451623492E-003
   2.95210165902972221374511718750000000           1.8825984953235438E-003
   2.96187683008611202239990234375000000           1.6965412755384551E-003
   2.97165200114250183105468750000000000           1.6051073210914635E-003
   2.98142717219889163970947265625000000           4.3184434848796697E-004
   2.99120234325528144836425781250000000           1.4960812356840630E-003
   3.00097751431167125701904296875000000           7.3431970776791056E-004
   3.01075268536806106567382812500000000           8.9848959643039849E-004
   3.02052785642445087432861328125000000           1.6412073295874738E-003
   3.03030302748084068298339843750000000           4.5699387523124457E-004
   3.04007819853723049163818359375000000           1.7278217025705424E-003
   3.04985336959362030029296875000000000           1.2354674664874542E-003
   3.05962854065001010894775390625000000           1.2715672179993448E-003
   3.06940371170639991760253906250000000           1.3202302880061677E-003
   3.07917888276278972625732421875000000           7.8407930306719149E-004
   3.08895405381917953491210937500000000           1.5112073403117428E-003
   3.09872922487556934356689453125000000           3.7179100087766367E-004
   3.10850439593195915222167968750000000           3.8953968417608726E-004
   3.11827956698834896087646484375000000           1.0172721941566929E-003
   3.12805473804473876953125000000000000           1.7475264420266710E-003
   3.13782990910112857818603515625000000           1.6340566729479014E-003
   3.14760508015751838684082031250000000           1.1016465744335144E-003
   3.15738025121390819549560546875000000           1.4464191965882223E-003
   3.16715542227029800415039062500000000           5.8089433268612158E-004
   3.17693059332668781280517578125000000           2.0000305384813827E-004
   3.18670576438307762145996093750000000           9.6690090717340641E-004
   3.19648093543946743011474609375000000           5.1175617728940216E-004
   3.20625610649585723876953125000000000           1.0470013121791398E-003
   3.21603127755224704742431640625000000           8.8742739175000840E-004
   3.22580644860863685607910156250000000           6.9346674231082056E-004
   3.23558161966502666473388671875000000           3.2998413851269601E-004
   3.24535679072141647338867187500000000           5.3329624956831041E-004
   3.25513196177780628204345703125000000           5.5944404171630129E-004
   3.26490713283419609069824218750000000           6.4772725021881470E-004
   3.27468230389058589935302734375000000           6.8639807572612324E-004
   3.28445747494697570800781250000000000           4.9090378535840114E-004
   3.29423264600336551666259765625000000           2.5448974220144510E-004
   3.30400781705975532531738281250000000          -1.6687802904200518E-004
   3.31378298811614513397216796875000000           3.9680244845419617E-004
   3.32355815917253494262695312500000000           1.4591850174643819E-004
   3.33333333022892475128173828125000000           9.6243197426269399E-004
   3.34310850128531455993652343750000000           9.5216431375667106E-004
   3.35288367234170436859130859375000000           6.0842782726100377E-004
   3.36265884339809417724609375000000000           1.0186763296804256E-003
   3.37243401445448398590087890625000000           9.8394222451006702E-004
   3.38220918551087379455566406250000000           1.4129025693016327E-003
   3.39198435656726360321044921875000000           4.2582743607912001E-004
   3.40175952762365341186523437500000000           1.3658422316822200E-003
   3.41153469868004322052001953125000000           1.0976865525425219E-004
   3.42130986973643302917480468750000000           3.6870020431825032E-004
   3.43108504079282283782958984375000000           4.6335879286679493E-004
   3.44086021184921264648437500000000000           7.3307022745677612E-004
   3.45063538290560245513916015625000000           1.9537193564602684E-004
   3.46041055396199226379394531250000000           5.8439091947597090E-004
   3.47018572501838207244873046875000000           1.3275819696205707E-003
   3.47996089607477188110351562500000000          -3.6310917203668559E-004
   3.48973606713116168975830078125000000           6.5789025908566769E-004
   3.49951123818755149841308593750000000          -1.3016018784682692E-005
   3.50928640924394130706787109375000000           3.6449169889675399E-004
   3.51906158030033111572265625000000000           3.0847767978092082E-004
   3.52883675135672092437744140625000000           9.0320131798128189E-004
   3.53861192241311073303222656250000000          -7.4344137005405843E-004
   3.54838709346950054168701171875000000          -2.4291581103519567E-004
   3.55816226452589035034179687500000000           4.7670573963768103E-004
   3.56793743558228015899658203125000000           2.6518165702266324E-004
   3.57771260663866996765136718750000000           9.9084373631274573E-004
   3.58748777769505977630615234375000000          -3.2930483823181744E-004
   3.59726294875144958496093750000000000           1.0600445693430599E-003
   3.60703811980783939361572265625000000          -4.0417596728090695E-004
   3.61681329086422920227050781250000000           7.7288135348872278E-004
   3.62658846192061901092529296875000000           4.5563793760466622E-004
   3.63636363297700881958007812500000000          -3.8157379361102489E-005
   3.64613880403339862823486328125000000           6.6738212608826537E-004
   3.65591397508978843688964843750000000          -9.3972117623626573E-004
   3.66568914614617824554443359375000000          -6.7936453909246664E-004
   3.67546431720256805419921875000000000           3.9615983197118876E-004
   3.68523948825895786285400390625000000           3.8113131793221972E-004
   3.69501465931534767150878906250000000          -1.7792631128009281E-004
   3.70478983037173748016357421875000000           9.7057527761543793E-005
   3.71456500142812728881835937500000000           4.1915572838739775E-004
   3.72434017248451709747314453125000000           8.8242552235837817E-004
   3.73411534354090690612792968750000000           2.7444699962654383E-004
   3.74389051459729671478271484375000000          -5.7405162208953983E-004
   3.75366568565368652343750000000000000           3.5859448669645251E-004
   3.76344085671007633209228515625000000          -8.2271916361600895E-004
   3.77321602776646614074707031250000000          -1.1724037512252541E-003
   3.78299119882285594940185546875000000          -2.0525113602827281E-004
   3.79276636987924575805664062500000000          -1.0524073491193257E-003
   3.80254154093563556671142578125000000          -9.0157056034555281E-004
   3.81231671199202537536621093750000000           5.6349531421322251E-004
   3.82209188304841518402099609375000000           3.0762152118365445E-004
   3.83186705410480499267578125000000000           2.1986056854862452E-004
   3.84164222516119480133056640625000000          -4.1566032656531118E-004
   3.85141739621758460998535156250000000          -1.2907188515760919E-003
   3.86119256727397441864013671875000000          -1.4859341038928303E-004
   3.87096773833036422729492187500000000          -2.9585089487557008E-004
   3.88074290938675403594970703125000000          -1.2136209583033380E-003
   3.89051808044314384460449218750000000          -2.7365911959448632E-004
   3.90029325149953365325927734375000000          -5.9649523469088364E-004
   3.91006842255592346191406250000000000          -9.5842879060915409E-004
   3.91984359361231327056884765625000000          -6.3253112296335031E-004
   3.92961876466870307922363281250000000          -1.6420249409909225E-004
   3.93939393572509288787841796875000000          -1.1353834742122868E-004
   3.94916910678148269653320312500000000          -2.6588375784236580E-005
   3.95894427783787250518798828125000000          -3.8135051434631193E-004
   3.96871944889426231384277343750000000          -9.1140119401687911E-004
   3.97849461995065212249755859375000000           1.4672062281789142E-004
   3.98826979100704193115234375000000000          -7.5434725563310143E-004
   3.99804496206343173980712890625000000          -1.3884343682773749E-004
   4.00782013311982154846191406250000000          -9.0344432168913452E-004
   4.01759530417621135711669921875000000          -1.5176768188516990E-003
   4.02737047523260116577148437500000000          -1.3412203475187923E-003
   4.03714564628899097442626953125000000          -5.1919005480238842E-004
   4.04692081734538078308105468750000000          -2.1495433581360390E-005
   4.05669598840177059173583984375000000          -1.1438812344308153E-003
   4.06647115945816040039062500000000000          -1.4865377903217206E-003
   4.07624633051455020904541015625000000          -1.4675171395471256E-003
   4.08602150157094001770019531250000000          -1.2997769877773854E-003
   4.09579667262732982635498046875000000          -1.8418003278199450E-004
   4.10557184368371963500976562500000000          -1.0488902849200444E-003
   4.11534701474010944366455078125000000          -1.5527996685858730E-003
   4.12512218579649925231933593750000000          -7.0930811063638869E-004
   4.13489735685288906097412109375000000          -7.6134604089736447E-004
   4.14467252790927886962890625000000000          -6.4628554273948478E-004
   4.15444769896566867828369140625000000          -8.0371464845858638E-004
   4.16422287002205848693847656250000000          -1.4063404039959073E-003
   4.17399804107844829559326171875000000          -1.1451851156545412E-003
   4.18377321213483810424804687500000000          -5.9647920313370623E-005
   4.19354838319122791290283203125000000          -3.4551492521612257E-004
   4.20332355424761772155761718750000000          -5.9084884593321957E-004
   4.21309872530400753021240234375000000          -3.9351671066563572E-004
   4.22287389636039733886718750000000000          -1.1027722892021675E-003
   4.23264906741678714752197265625000000          -1.6592798898632077E-003
   4.24242423847317695617675781250000000           1.9059734802826406E-004
   4.25219940952956676483154296875000000          -7.0715073893090369E-004
   4.26197458058595657348632812500000000          -1.7972191411014919E-003
   4.27174975164234638214111328125000000          -9.6573238260925053E-005
   4.28152492269873619079589843750000000          -1.7584999283882714E-003
   4.29130009375512599945068359375000000          -1.0701881121134085E-003
   4.30107526481151580810546875000000000          -8.5388942513164206E-004
   4.31085043586790561676025390625000000          -6.8857590866413035E-004
   4.32062560692429542541503906250000000          -3.7055723933022901E-004
   4.33040077798068523406982421875000000          -4.9718665904220985E-004
   4.34017594903707504272460937500000000          -7.9051650076829814E-004
   4.34995112009346485137939453125000000          -1.7988954831666684E-003
   4.35972629114985466003417968750000000          -1.6318990708580018E-003
   4.36950146220624446868896484375000000           6.3135493190316668E-005
   4.37927663326263427734375000000000000          -1.5135073781263105E-003
   4.38905180431902408599853515625000000          -1.1937236017971133E-003
   4.39882697537541389465332031250000000          -6.7423087215086048E-004
   4.40860214643180370330810546875000000          -6.9319830946486759E-004
   4.41837731748819351196289062500000000          -1.6623127398898339E-003
   4.42815248854458332061767578125000000          -8.1402825864461718E-004
   4.43792765960097312927246093750000000          -1.7085934171789376E-005
   4.44770283065736293792724609375000000          -1.2164998205423674E-003
   4.45747800171375274658203125000000000          -2.5916825557643116E-004
   4.46725317277014255523681640625000000           8.2956982702184167E-006
   4.47702834382653236389160156250000000          -1.4268324212927343E-003
   4.48680351488292217254638671875000000          -1.4462716108878855E-003
   4.49657868593931198120117187500000000          -1.1049350146908833E-003
   4.50635385699570178985595703125000000          -3.3160372977356436E-004
   4.51612902805209159851074218750000000          -1.6577717407594865E-004
   4.52590419910848140716552734375000000          -1.4761521820687781E-003
   4.53567937016487121582031250000000000          -4.4762039480318605E-004
   4.54545454122126102447509765625000000          -5.8248476472523569E-004
   4.55522971227765083312988281250000000          -1.0716495513124640E-003
   4.56500488333404064178466796875000000          -1.4510770127637164E-003
   4.57478005439043045043945312500000000          -6.5008715025332349E-004
   4.58455522544682025909423828125000000          -1.7505389566511889E-003
   4.59433039650321006774902343750000000          -1.5669538229977687E-003
   4.60410556755959987640380859375000000          -1.7609350498937395E-003
   4.61388073861598968505859375000000000          -8.9635469550532990E-004
   4.62365590967237949371337890625000000          -1.9799733070662118E-003
   4.63343108072876930236816406250000000          -1.6418207050567979E-003
   4.64320625178515911102294921875000000          -7.9649714878522444E-004
   4.65298142284154891967773437500000000          -1.1326555724631767E-003
   4.66275659389793872833251953125000000          -1.8325243824382452E-003
   4.67253176495432853698730468750000000          -6.2358282682892392E-004
   4.68230693601071834564208984375000000          -1.2484753098393863E-003
   4.69208210706710815429687500000000000          -3.2717478829207344E-004
   4.70185727812349796295166015625000000          -1.7526147687137081E-003
   4.71163244917988777160644531250000000          -5.3307440293849248E-005
   4.72140762023627758026123046875000000          -1.9406483749348764E-003
   4.73118279129266738891601562500000000          -1.8389408471693085E-003
   4.74095796234905719757080078125000000          -1.0106947657858541E-003
   4.75073313340544700622558593750000000          -4.5965530173523234E-004
   4.76050830446183681488037109375000000          -1.2962439471922676E-004
   4.77028347551822662353515625000000000          -1.4963388136092063E-003
   4.78005864657461643218994140625000000          -1.2761070951635416E-003
   4.78983381763100624084472656250000000          -4.5577728096301418E-004
   4.79960898868739604949951171875000000          -9.9248718407756939E-004
   4.80938415974378585815429687500000000          -4.9209612405491068E-004
   4.81915933080017566680908203125000000          -6.4480420498710424E-004
   4.82893450185656547546386718750000000          -6.2310122066357610E-004
   4.83870967291295528411865234375000000          -4.7052404436160694E-004
   4.84848484396934509277343750000000000          -1.9087717451347630E-003
   4.85826001502573490142822265625000000          -1.5176159236444521E-003
   4.86803518608212471008300781250000000          -1.5324886197088051E-003
   4.87781035713851451873779296875000000          -8.4749406527197377E-004
   4.88758552819490432739257812500000000          -6.6414113804147174E-004
   4.89736069925129413604736328125000000          -7.3266236246679478E-004
   4.90713587030768394470214843750000000          -1.2192620567177835E-003
   4.91691104136407375335693359375000000          -1.5087142753518615E-003
   4.92668621242046356201171875000000000          -1.4868693361080017E-003
   4.93646138347685337066650390625000000          -6.4397819058108349E-004
   4.94623655453324317932128906250000000          -1.6137093159118722E-003
   4.95601172558963298797607421875000000          -4.5273266085963689E-004
   4.96578689664602279663085937500000000          -1.6166171924057152E-003
   4.97556206770241260528564453125000000          -1.8358620054742640E-003
   4.98533723875880241394042968750000000          -6.0197365276790506E-004
   4.99511240981519222259521484375000000          -1.6707091856352804E-003
   5.00488758087158203125000000000000000          -1.6738811075892136E-005
   5.01466275192797183990478515625000000          -9.4096329322801518E-004
   5.02443792298436164855957031250000000          -6.6132189983915542E-004
   5.03421309404075145721435546875000000          -6.9270411568389604E-005
   5.04398826509714126586914062500000000          -1.8551572099129135E-003
   5.05376343615353107452392578125000000          -6.9749998325670422E-004
   5.06353860720992088317871093750000000          -4.3421256703039053E-004
   5.07331377826631069183349609375000000          -8.7797773813148990E-004
   5.08308894932270050048828125000000000          -1.7567595823564817E-003
   5.09286412037909030914306640625000000          -9.7371161099896598E-004
   5.10263929143548011779785156250000000          -8.1127814112764160E-004
   5.11241446249186992645263671875000000          -2.9821406313121108E-004
   5.12218963354825973510742187500000000          -1.7036881039691214E-003
   5.13196480460464954376220703125000000          -9.4094314553215595E-004
   5.14173997566103935241699218750000000           1.3588779600527090E-004
   5.15151514671742916107177734375000000          -8.7476457554520762E-004
   5.16129031777381896972656250000000000          -1.1437368835804202E-003
   5.17106548883020877838134765625000000          -9.0141905970878564E-004
   5.18084065988659858703613281250000000          -2.9798940877620708E-004
   5.19061583094298839569091796875000000          -1.3649425263572497E-003
   5.20039100199937820434570312500000000          -1.4237842065524125E-003
   5.21016617305576801300048828125000000          -1.0122527122419117E-003
   5.21994134411215782165527343750000000           1.3157725924791875E-004
   5.22971651516854763031005859375000000           1.9141434310157129E-004
   5.23949168622493743896484375000000000          -1.2186214347082286E-003
   5.24926685728132724761962890625000000          -1.5779491640066431E-003
   5.25904202833771705627441406250000000          -1.4608410217456398E-003
   5.26881719939410686492919921875000000          -6.4561875001303652E-004
   5.27859237045049667358398437500000000          -1.3677213038915913E-003
   5.28836754150688648223876953125000000          -6.4190526183605817E-004
   5.29814271256327629089355468750000000          -1.4562217595462338E-003
   5.30791788361966609954833984375000000           2.7447867003322502E-005
   5.31769305467605590820312500000000000          -9.0753430425851551E-004
   5.32746822573244571685791015625000000          -7.8567477893432534E-004
   5.33724339678883552551269531250000000          -9.6764192081280468E-004
   5.34701856784522533416748046875000000          -1.8348970294862154E-004
   5.35679373890161514282226562500000000          -4.4536340984489527E-004
   5.36656890995800495147705078125000000           1.5667379290552108E-004
   5.37634408101439476013183593750000000          -5.8630829921776660E-005
   5.38611925207078456878662109375000000           1.1019582451730626E-004
   5.39589442312717437744140625000000000          -1.5114559374059027E-004
   5.40566959418356418609619140625000000          -7.6018726690069453E-004
   5.41544476523995399475097656250000000           3.4474288053657761E-004
   5.42521993629634380340576171875000000          -3.0182206252154993E-004
   5.43499510735273361206054687500000000          -7.7600264237659021E-004
   5.44477027840912342071533203125000000          -4.0815951472856999E-004
   5.45454544946551322937011718750000000          -5.6388122121655030E-004
   5.46432062052190303802490234375000000          -6.5735737488428325E-004
   5.47409579157829284667968750000000000          -9.6643750195924230E-004
   5.48387096263468265533447265625000000          -1.2675854294097995E-003
   5.49364613369107246398925781250000000          -5.7690042883286417E-004
   5.50342130474746227264404296875000000          -4.6146342768770335E-004
   5.51319647580385208129882812500000000          -8.1272185633002824E-004
   5.52297164686024188995361328125000000          -1.1682146023268400E-003
   5.53274681791663169860839843750000000          -9.3114694904182982E-004
   5.54252198897302150726318359375000000           2.5448209115454441E-004
   5.55229716002941131591796875000000000          -2.8018464812865583E-004
   5.56207233108580112457275390625000000           1.7198275894074459E-005
   5.57184750214219093322753906250000000           4.2158994964399418E-004
   5.58162267319858074188232421875000000          -8.0332398464096934E-004
   5.59139784425497055053710937500000000           1.4729913534522069E-004
   5.60117301531136035919189453125000000          -7.3338731090637037E-004
   5.61094818636775016784667968750000000          -4.7983325063369434E-004
   5.62072335742413997650146484375000000          -1.0681092071839415E-003
   5.63049852848052978515625000000000000          -2.9512110713890606E-004
   5.64027369953691959381103515625000000          -7.3332309640045243E-004
   5.65004887059330940246582031250000000           4.0735257115242265E-004
   5.65982404164969921112060546875000000          -1.8484903537939508E-004
   5.66959921270608901977539062500000000          -1.1451489365404432E-003
   5.67937438376247882843017578125000000          -6.0332933490182003E-004
   5.68914955481886863708496093750000000           2.0995775355819556E-004
   5.69892472587525844573974609375000000          -2.5278369906738945E-004
   5.70869989693164825439453125000000000          -7.1315667142117468E-004
   5.71847506798803806304931640625000000           8.5660884251214807E-004
   5.72825023904442787170410156250000000          -7.8569841392085087E-004
   5.73802541010081768035888671875000000           5.5460143818870033E-004
   5.74780058115720748901367187500000000           8.7174499264811608E-004
   5.75757575221359729766845703125000000          -6.6117035084907656E-004
   5.76735092326998710632324218750000000           2.2548061659308916E-004
   5.77712609432637691497802734375000000          -8.4186150084891362E-004
   5.78690126538276672363281250000000000          -2.5733935861217878E-004
   5.79667643643915653228759765625000000          -3.5014972826379694E-004
   5.80645160749554634094238281250000000           1.0155715005965454E-004
   5.81622677855193614959716796875000000           7.5132784497814755E-004
   5.82600194960832595825195312500000000           7.8583191091408675E-004
   5.83577712066471576690673828125000000           5.8762556280939516E-004
   5.84555229172110557556152343750000000          -1.8872517748408336E-004
   5.85532746277749538421630859375000000           7.7432304909786666E-004
   5.86510263383388519287109375000000000           4.5150843135852202E-004
   5.87487780489027500152587890625000000          -7.0343202319084479E-004
   5.88465297594666481018066406250000000          -6.9329181212604638E-004
   5.89442814700305461883544921875000000          -4.5144710281462639E-004
   5.90420331805944442749023437500000000           7.9417988397483810E-004
   5.91397848911583423614501953125000000          -5.9828897757599822E-004
   5.92375366017222404479980468750000000           3.3512166946406921E-004
   5.93352883122861385345458984375000000           1.1731491308697637E-003
   5.94330400228500366210937500000000000          -2.2571941041959925E-004
   5.95307917334139347076416015625000000          -2.3916107380765353E-004
   5.96285434439778327941894531250000000          -4.5177624006640169E-004
   5.97262951545417308807373046875000000           7.8820589817663934E-004
   5.98240468651056289672851562500000000           8.2039067741216775E-004
   5.99217985756695270538330078125000000           4.1543055425461627E-004
   6.00195502862334251403808593750000000          -3.1518902245636078E-005
   6.01173019967973232269287109375000000           8.8687538714451498E-004
   6.02150537073612213134765625000000000           2.3932467415310814E-004
   6.03128054179251194000244140625000000          -9.7209138762425660E-005
   6.04105571284890174865722656250000000          -1.4326077928352180E-005
   6.05083088390529155731201171875000000           4.1165377763616054E-004
   6.06060605496168136596679687500000000           4.9750485534940465E-004
   6.07038122601807117462158203125000000           1.2999713914460876E-003
   6.08015639707446098327636718750000000           1.5512025331997530E-003
   6.08993156813085079193115234375000000           5.0493195960438534E-004
   6.09970673918724060058593750000000000          -2.9641597830451830E-004
   6.10948191024363040924072265625000000           7.0188069789565435E-004
   6.11925708130002021789550781250000000          -2.6311280630812842E-004
   6.12903225235641002655029296875000000           1.1992607315328989E-003
   6.13880742341279983520507812500000000           8.9542245497573655E-004
   6.14858259446918964385986328125000000           1.3773888035046456E-003
   6.15835776552557945251464843750000000           4.1015005810773214E-004
   6.16813293658196926116943359375000000           2.3455873612919731E-004
   6.17790810763835906982421875000000000           8.6289058663174183E-004
   6.18768327869474887847900390625000000           6.7052276122459595E-004
   6.19745844975113868713378906250000000           6.3591805112131851E-004
   6.20723362080752849578857421875000000           1.8228921474922593E-003
   6.21700879186391830444335937500000000           1.8015629307224789E-003
   6.22678396292030811309814453125000000           1.5883179556769609E-003
   6.23655913397669792175292968750000000           1.6418097832440674E-003
   6.24633430503308773040771484375000000           5.4952465515909767E-004
   6.25610947608947753906250000000000000           2.4263555178077583E-004
   6.26588464714586734771728515625000000           1.9605973184387364E-003
   6.27565981820225715637207031250000000           1.2639957596370897E-003
   6.28543498925864696502685546875000000           9.4064852537207211E-004
   6.29521016031503677368164062500000000           1.8878783522530034E-003
   6.30498533137142658233642578125000000           1.4251417295676689E-003
   6.31476050242781639099121093750000000           1.6939530998579077E-003
   6.32453567348420619964599609375000000           1.1657460699704553E-003
   6.33431084454059600830078125000000000           1.2478193121591632E-003
   6.34408601559698581695556640625000000           4.4015801447999214E-004
   6.35386118665337562561035156250000000           2.0317342762785997E-003
   6.36363635770976543426513671875000000           1.8033959667309984E-003
   6.37341152876615524291992187500000000           4.9103546121646792E-004
   6.38318669982254505157470703125000000           2.8181912366547559E-004
   6.39296187087893486022949218750000000           9.0633876297039316E-004
   6.40273704193532466888427734375000000           4.5857274312365812E-004
   6.41251221299171447753906250000000000           4.5100955266336667E-004
   6.42228738404810428619384765625000000           1.3148540616113810E-003
   6.43206255510449409484863281250000000           3.4146562196361223E-004
   6.44183772616088390350341796875000000           1.4389426987602670E-003
   6.45161289721727371215820312500000000           2.0490166847309012E-003
   6.46138806827366352081298828125000000           1.3883380928447254E-003
   6.47116323933005332946777343750000000           1.7227948352447927E-003
   6.48093841038644313812255859375000000           1.8672830328435850E-003
   6.49071358144283294677734375000000000           1.8090039727642420E-003
   6.50048875249922275543212890625000000           4.7679355044667185E-004
   6.51026392355561256408691406250000000           8.3423164259147878E-004
   6.52003909461200237274169921875000000           1.8112728123643302E-003
   6.52981426566839218139648437500000000           1.1800160613351369E-003
   6.53958943672478199005126953125000000           6.3978807899275805E-004
   6.54936460778117179870605468750000000           8.0751518591247809E-004
   6.55913977883756160736083984375000000           2.3871655662932650E-003
   6.56891494989395141601562500000000000           1.0070278658401409E-003
   6.57869012095034122467041015625000000           1.3426748144010675E-003
   6.58846529200673103332519531250000000           1.7731519390274699E-003
   6.59824046306312084197998046875000000           9.5436311501175669E-004
   6.60801563411951065063476562500000000           6.9097507563491525E-004
   6.61779080517590045928955078125000000           2.0390459351070332E-003
   6.62756597623229026794433593750000000           2.1999154220638281E-003
   6.63734114728868007659912109375000000           2.1209881119996850E-003
   6.64711631834506988525390625000000000           8.6654939083801461E-004
   6.65689148940145969390869140625000000           1.9097550804294864E-003
   6.66666666045784950256347656250000000           2.5993086041236312E-003
   6.67644183151423931121826171875000000           2.6257923941609210E-003
   6.68621700257062911987304687500000000           1.6453097467411173E-003
   6.69599217362701892852783203125000000           1.8143031150407167E-003
   6.70576734468340873718261718750000000           2.4827453856379272E-003
   6.71554251573979854583740234375000000           2.6764965448914570E-003
   6.72531768679618835449218750000000000           2.0590108399556497E-003
   6.73509285785257816314697265625000000           2.3210377345375759E-003
   6.74486802890896797180175781250000000           1.9295835851544073E-003
   6.75464319996535778045654296875000000           1.8900049821483048E-003
   6.76441837102174758911132812500000000           1.2485839337218682E-003
   6.77419354207813739776611328125000000           2.8952615630382893E-003
   6.78396871313452720642089843750000000           2.1089461542466398E-003
   6.79374388419091701507568359375000000           1.5238315171576429E-003
   6.80351905524730682373046875000000000           2.0571938739990503E-003
   6.81329422630369663238525390625000000           2.4083709274188778E-003
   6.82306939736008644104003906250000000           2.3621715939602644E-003
   6.83284456841647624969482421875000000           1.2396582296737711E-003
   6.84261973947286605834960937500000000           2.1588861591222497E-003
   6.85239491052925586700439453125000000           2.2994081226376840E-003
   6.86217008158564567565917968750000000           2.4302798521673276E-003
   6.87194525264203548431396484375000000           2.1009110545500706E-003
   6.88172042369842529296875000000000000           2.2700309143430975E-003
   6.89149559475481510162353515625000000           2.3207393170920449E-003
   6.90127076581120491027832031250000000           2.0415779389056001E-003
   6.91104593686759471893310546875000000           1.4772630428573914E-003
   6.92082110792398452758789062500000000           2.1951440506380606E-003
   6.93059627898037433624267578125000000           2.6689742661291068E-003
   6.94037145003676414489746093750000000           1.2850960731120126E-003
   6.95014662109315395355224609375000000           1.3404360725529246E-003
   6.95992179214954376220703125000000000           2.2966307392677187E-003
   6.96969696320593357086181640625000000           1.9089704433176962E-003
   6.97947213426232337951660156250000000           1.3528654910676683E-003
   6.98924730531871318817138671875000000           1.7879691158157018E-003
   6.99902247637510299682617187500000000           1.5268594418389177E-003
   7.00879764743149280548095703125000000           2.0931242601884927E-003
   7.01857281848788261413574218750000000           2.4454079384723603E-003
   7.02834798954427242279052734375000000           2.5505197869613999E-003
   7.03812316060066223144531250000000000           2.5927078363199435E-003
   7.04789833165705204010009765625000000           3.2551630053136160E-003
   7.05767350271344184875488281250000000           2.9427610497157366E-003
   7.06744867376983165740966796875000000           2.4389045385381706E-003
   7.07722384482622146606445312500000000           2.3997420382724380E-003
   7.08699901588261127471923828125000000           2.7402712370869094E-003
   7.09677418693900108337402343750000000           2.8475056687920323E-003
   7.10654935799539089202880859375000000           2.2819489360413662E-003
   7.11632452905178070068359375000000000           2.4537913652346866E-003
   7.12609970010817050933837890625000000           2.4527361635478142E-003
   7.13587487116456031799316406250000000           2.9270055122622659E-003
   7.14565004222095012664794921875000000           2.5872938577100263E-003
   7.15542521327733993530273437500000000           2.0848365427030518E-003
   7.16520038433372974395751953125000000           2.7551188343512716E-003
   7.17497555539011955261230468750000000           2.1166020783294623E-003
   7.18475072644650936126708984375000000           2.9753369587383087E-003
   7.19452589750289916992187500000000000           2.6416306381665060E-003
   7.20430106855928897857666015625000000           3.4690620746627072E-003
   7.21407623961567878723144531250000000           2.0751097714190518E-003
   7.22385141067206859588623046875000000           2.4428898984160423E-003
   7.23362658172845840454101562500000000           2.8222963602172520E-003
   7.24340175278484821319580078125000000           3.2046357984706888E-003
   7.25317692384123802185058593750000000           3.4902667605044885E-003
   7.26295209489762783050537109375000000           3.0237168267022484E-003
   7.27272726595401763916015625000000000           3.3139037824412776E-003
   7.28250243701040744781494140625000000           2.7370295774091888E-003
   7.29227760806679725646972656250000000           2.1532368958852594E-003
   7.30205277912318706512451171875000000           1.9903978900902507E-003
   7.31182795017957687377929687500000000           3.5122412050841122E-003
   7.32160312123596668243408203125000000           2.2260483896807000E-003
   7.33137829229235649108886718750000000           3.0360745877555237E-003
   7.34115346334874629974365234375000000           1.7523519813414908E-003
   7.35092863440513610839843750000000000           3.6241012201723485E-003
   7.36070380546152591705322265625000000           2.3122770004741873E-003
   7.37047897651791572570800781250000000           3.4882759081902091E-003
   7.38025414757430553436279296875000000           2.3376050893171960E-003
   7.39002931863069534301757812500000000           3.6934433869461212E-003
   7.39980448968708515167236328125000000           2.8108842598044640E-003
   7.40957966074347496032714843750000000           2.0516351565130794E-003
   7.41935483179986476898193359375000000           2.6470052149433596E-003
   7.42913000285625457763671875000000000           3.2271424627925050E-003
   7.43890517391264438629150390625000000           2.7031531333247668E-003
   7.44868034496903419494628906250000000           2.0534448479793258E-003
   7.45845551602542400360107421875000000           3.3779377111994692E-003
   7.46823068708181381225585937500000000           2.0527632634335102E-003
   7.47800585813820362091064453125000000           2.7428299008790320E-003
   7.48778102919459342956542968750000000           2.5565419050023065E-003
   7.49755620025098323822021484375000000           2.4684283878603462E-003
   7.50733137130737304687500000000000000           3.3962743772016734E-003
   7.51710654236376285552978515625000000           2.5646035959220482E-003
   7.52688171342015266418457031250000000           2.5554730166188599E-003
   7.53665688447654247283935546875000000           2.0113594783198394E-003
   7.54643205553293228149414062500000000           3.0525222519818011E-003
   7.55620722658932209014892578125000000           2.8825557920093415E-003
   7.56598239764571189880371093750000000           2.3225917636718126E-003
   7.57575756870210170745849609375000000           2.1520385963712477E-003
   7.58553273975849151611328125000000000           3.8770627747724412E-003
   7.59530791081488132476806640625000000           3.6626793099199303E-003
   7.60508308187127113342285156250000000           2.9220500137046926E-003
   7.61485825292766094207763671875000000           2.6778814511536934E-003
   7.62463342398405075073242187500000000           3.5574543897015031E-003
   7.63440859504044055938720703125000000           2.2763887574958883E-003
   7.64418376609683036804199218750000000           2.2753056781945682E-003
   7.65395893715322017669677734375000000           2.0755698492983810E-003
   7.66373410820960998535156250000000000           2.2624174678642153E-003
   7.67350927926599979400634765625000000           2.9037206991562687E-003
   7.68328445032238960266113281250000000           2.7321494458493463E-003
   7.69305962137877941131591796875000000           3.7415689662812636E-003
   7.70283479243516921997070312500000000           2.8254648275197517E-003
   7.71260996349155902862548828125000000           2.8045432407287625E-003
   7.72238513454794883728027343750000000           3.2852964343439068E-003
   7.73216030560433864593505859375000000           2.6018329045640991E-003
   7.74193547666072845458984375000000000           2.1077434448816077E-003
   7.75171064771711826324462890625000000           3.6183827476419734E-003
   7.76148581877350807189941406250000000           3.7867641602801292E-003
   7.77126098982989788055419921875000000           3.8321449138104145E-003
   7.78103616088628768920898437500000000           3.7971173722872098E-003
   7.79081133194267749786376953125000000           3.5361034759812380E-003
   7.80058650299906730651855468750000000           2.3387420602362565E-003
   7.81036167405545711517333984375000000           3.1429813827102667E-003
   7.82013684511184692382812500000000000           2.0616618206579715E-003
   7.82991201616823673248291015625000000           3.6059562874649438E-003
   7.83968718722462654113769531250000000           3.0442246422426847E-003
   7.84946235828101634979248046875000000           3.7232229895673100E-003
   7.85923752933740615844726562500000000           2.5543686494498593E-003
   7.86901270039379596710205078125000000           3.7387621715461975E-003
   7.87878787145018577575683593750000000           3.1731085305131412E-003
   7.88856304250657558441162109375000000           2.7771480547835680E-003
   7.89833821356296539306640625000000000           3.6218237294102780E-003
   7.90811338461935520172119140625000000           3.0484107169720599E-003
   7.91788855567574501037597656250000000           3.8756601016146646E-003
   7.92766372673213481903076171875000000           2.8346495093131067E-003
   7.93743889778852462768554687500000000           3.1527637890336946E-003
   7.94721406884491443634033203125000000           3.4896042352830629E-003
   7.95698923990130424499511718750000000           3.7509670594337370E-003
   7.96676441095769405364990234375000000           2.6634630445590579E-003
   7.97653958201408386230468750000000000           2.3640954382746554E-003
   7.98631475307047367095947265625000000           3.4687654824933894E-003
   7.99608992412686347961425781250000000           3.4176779134286570E-003
   8.00586509518325328826904296875000000           3.7352990967759524E-003
   8.01564026623964309692382812500000000           2.1196610991246439E-003
   8.02541543729603290557861328125000000           3.3909095712411764E-003
   8.03519060835242271423339843750000000           3.7253728234184478E-003
   8.04496577940881252288818359375000000           2.6823945004193425E-003
   8.05474095046520233154296875000000000           2.1395370831163913E-003
   8.06451612152159214019775390625000000           2.2778970206474365E-003
   8.07429129257798194885253906250000000           2.7852521988737584E-003
   8.08406646363437175750732421875000000           2.1401509947796223E-003
   8.09384163469076156616210937500000000           3.2921279049640114E-003
   8.10361680574715137481689453125000000           3.0632285396367562E-003
   8.11339197680354118347167968750000000           3.5591763556793673E-003
   8.12316714785993099212646484375000000           3.6843592454676105E-003
   8.13294231891632080078125000000000000           3.4614045749116209E-003
   8.14271748997271060943603515625000000           3.1876198782056367E-003
   8.15249266102910041809082031250000000           3.7045989840191274E-003
   8.16226783208549022674560546875000000           3.6625355833236214E-003
   8.17204300314188003540039062500000000           2.8726284598302810E-003
   8.18181817419826984405517578125000000           2.1196234427027193E-003
   8.19159334525465965270996093750000000           2.6420656477454865E-003
   8.20136851631104946136474609375000000           2.6457699614654026E-003
   8.21114368736743927001953125000000000           3.2489411811793814E-003
   8.22091885842382907867431640625000000           2.1103399110390846E-003
   8.23069402948021888732910156250000000           2.0134013359345317E-003
   8.24046920053660869598388671875000000           2.1390815056743233E-003
   8.25024437159299850463867187500000000           2.8003012243455801E-003
   8.26001954264938831329345703125000000           3.2545618177817343E-003
   8.26979471370577812194824218750000000           2.3056149504328207E-003
   8.27956988476216793060302734375000000           2.6035250091031954E-003
   8.28934505581855773925781250000000000           3.7651950899045073E-003
   8.29912022687494754791259765625000000           3.0626352155356433E-003
   8.30889539793133735656738281250000000           3.1589951886119836E-003
   8.31867056898772716522216796875000000           3.6053030983811468E-003
   8.32844574004411697387695312500000000           2.5038755864206647E-003
   8.33822091110050678253173828125000000           3.4884846133405880E-003
   8.34799608215689659118652343750000000           3.3494288733360547E-003
   8.35777125321328639984130859375000000           2.6092650970538918E-003
   8.36754642426967620849609375000000000           1.8890192932502006E-003
   8.37732159532606601715087890625000000           2.7295707408130816E-003
   8.38709676638245582580566406250000000           2.6902015987037807E-003
   8.39687193743884563446044921875000000           2.6139075384275425E-003
   8.40664710849523544311523437500000000           2.7015710079468605E-003
   8.41642227955162525177001953125000000           3.1734297688674508E-003
   8.42619745060801506042480468750000000           3.5470934292831440E-003
   8.43597262166440486907958984375000000           2.2709829671337832E-003
   8.44574779272079467773437500000000000           1.9523044395758421E-003
   8.45552296377718448638916015625000000           1.8689652646408125E-003
   8.46529813483357429504394531250000000           1.7984303943607820E-003
   8.47507330588996410369873046875000000           3.5714395248487994E-003
   8.48484847694635391235351562500000000           2.4313878846728251E-003
   8.49462364800274372100830078125000000           2.0802449372188110E-003
   8.50439881905913352966308593750000000           3.5179827521597973E-003
   8.51417399011552333831787109375000000           3.2466965560365595E-003
   8.52394916117191314697265625000000000           1.9638434034186920E-003
   8.53372433222830295562744140625000000           1.8144316825123091E-003
   8.54349950328469276428222656250000000           1.9357205723187544E-003
   8.55327467434108257293701171875000000           2.2088328839841597E-003
   8.56304984539747238159179687500000000           2.6692960902754337E-003
   8.57282501645386219024658203125000000           2.3856719566520438E-003
   8.58260018751025199890136718750000000           2.6635390465418974E-003
   8.59237535856664180755615234375000000           2.3448556342476872E-003
   8.60215052962303161621093750000000000           2.2022765868263397E-003
   8.61192570067942142486572265625000000           2.2171354696354424E-003
   8.62170087173581123352050781250000000           2.6392580960015702E-003
   8.63147604279220104217529296875000000           2.2842923488746499E-003
   8.64125121384859085083007812500000000           1.7091391062182123E-003
   8.65102638490498065948486328125000000           2.7380404561376426E-003
   8.66080155596137046813964843750000000           3.3743974825750085E-003
   8.67057672701776027679443359375000000           2.7655460632825496E-003
   8.68035189807415008544921875000000000           2.1605792380339672E-003
   8.69012706913053989410400390625000000           3.0392128384623706E-003
   8.69990224018692970275878906250000000           2.9651392681778370E-003
   8.70967741124331951141357421875000000           2.8981511485877778E-003
   8.71945258229970932006835937500000000           2.0450617513808095E-003
   8.72922775335609912872314453125000000           1.3008315084254206E-003
   8.73900292441248893737792968750000000           2.2261032108728887E-003
   8.74877809546887874603271484375000000           2.5294710815494891E-003
   8.75855326652526855468750000000000000           2.5290351321718028E-003
   8.76832843758165836334228515625000000           2.5104118066106478E-003
   8.77810360863804817199707031250000000           2.8031404632622345E-003
   8.78787877969443798065185546875000000           1.9441387739737230E-003
   8.79765395075082778930664062500000000           1.8889804563174848E-003
   8.80742912180721759796142578125000000           1.9367516476445385E-003
   8.81720429286360740661621093750000000           1.8103675948268132E-003
   8.82697946391999721527099609375000000           2.5128253650700074E-003
   8.83675463497638702392578125000000000           1.3992293876107403E-003
   8.84652980603277683258056640625000000           1.6761662944140088E-003
   8.85630497708916664123535156250000000           2.4104043394152790E-003
   8.86608014814555644989013671875000000           2.7688952782275525E-003
   8.87585531920194625854492187500000000           1.6729343743004887E-003
   8.88563049025833606719970703125000000           1.3150940069769936E-003
   8.89540566131472587585449218750000000           2.2144821873943191E-003
   8.90518083237111568450927734375000000           1.0042371126667948E-003
   8.91495600342750549316406250000000000           2.8177024328464215E-003
   8.92473117448389530181884765625000000           1.7228430923880832E-003
   8.93450634554028511047363281250000000           1.9747940803723045E-003
   8.94428151659667491912841796875000000           1.6133499619405630E-003
   8.95405668765306472778320312500000000           1.4353254384272234E-003
   8.96383185870945453643798828125000000           1.4715907023307548E-003
   8.97360702976584434509277343750000000           2.5393352476084661E-003
   8.98338220082223415374755859375000000           1.1031849884092684E-003
   8.99315737187862396240234375000000000           2.1059252003407603E-003
   9.00293254293501377105712890625000000           9.1628408670210292E-004
   9.01270771399140357971191406250000000           1.7171058013717689E-003
   9.02248288504779338836669921875000000           1.5366955344434739E-003
   9.03225805610418319702148437500000000           1.0767814712182768E-003
   9.04203322716057300567626953125000000           2.2586472400328989E-003
   9.05180839821696281433105468750000000           2.0607113465687275E-003
   9.06158356927335262298583984375000000           7.3358493692772368E-004
   9.07135874032974243164062500000000000           2.2819768038762731E-003
   9.08113391138613224029541015625000000           1.7956692711383715E-003
   9.09090908244252204895019531250000000           1.2327101469608583E-003
   9.10068425349891185760498046875000000           1.4680196956705130E-003
   9.11045942455530166625976562500000000           1.2595594688640018E-003
   9.12023459561169147491455078125000000           1.6288957724292944E-003
   9.13000976666808128356933593750000000           2.0193463421132769E-003
   9.13978493772447109222412109375000000           2.2463893715380582E-003
   9.14956010878086090087890625000000000           1.0073036580695214E-003
   9.15933527983725070953369140625000000           1.4546866667516025E-003
   9.16911045089364051818847656250000000           1.2525010205603560E-003
   9.17888562195003032684326171875000000           5.8692960179645471E-004
   9.18866079300642013549804687500000000           6.1555894230317168E-004
   9.19843596406280994415283203125000000           8.5372734667974208E-004
   9.20821113511919975280761718750000000           1.5621211358838438E-003
   9.21798630617558956146240234375000000           2.0736898317202245E-003
   9.22776147723197937011718750000000000           1.2365935654007443E-003
   9.23753664828836917877197265625000000           2.0513950700855837E-003
   9.24731181934475898742675781250000000           9.3915895582153579E-004
   9.25708699040114879608154296875000000           6.9620381623109720E-004
   9.26686216145753860473632812500000000           1.0295717876459699E-003
   9.27663733251392841339111328125000000           2.1634187196151941E-003
   9.28641250357031822204589843750000000           1.4546870791676486E-003
   9.29618767462670803070068359375000000           9.9455294025553305E-004
   9.30596284568309783935546875000000000           1.1631889945535327E-003
   9.31573801673948764801025390625000000           1.4733085976957510E-003
   9.32551318779587745666503906250000000           2.0871078653804083E-003
   9.33528835885226726531982421875000000           9.9031300905972892E-004
   9.34506352990865707397460937500000000           2.6022319787054001E-004
   9.35483870096504688262939453125000000           1.0294644963412317E-003
   9.36461387202143669128417968750000000           1.3121096607098838E-003
   9.37438904307782649993896484375000000           1.5973573556951853E-003
   9.38416421413421630859375000000000000           1.8095482605371808E-003
   9.39393938519060611724853515625000000           3.2371325127762007E-004
   9.40371455624699592590332031250000000           2.5128212656597100E-004
   9.41348972730338573455810546875000000           1.3531920490579045E-003
   9.42326489835977554321289062500000000           1.6697814024072917E-003
   9.43304006941616535186767578125000000           1.1460460248321038E-003
   9.44281524047255516052246093750000000           1.2811142899431254E-003
   9.45259041152894496917724609375000000           1.9084469582107942E-003
   9.46236558258533477783203125000000000          -3.7325761729225695E-005
   9.47214075364172458648681640625000000           1.7482554843131874E-003
   9.48191592469811439514160156250000000           2.7514382222591359E-004
   9.49169109575450420379638671875000000           1.8017199205138733E-003
   9.50146626681089401245117187500000000           8.9291820870466524E-004
   9.51124143786728382110595703125000000           3.8487988690290076E-004
   9.52101660892367362976074218750000000           1.2474092426581628E-003
   9.53079177998006343841552734375000000           9.6928613131401899E-004
   9.54056695103645324707031250000000000           1.4431025472393005E-003
   9.55034212209284305572509765625000000           1.4189136934408451E-003
   9.56011729314923286437988281250000000           1.0499220580732973E-003
   9.56989246420562267303466796875000000           1.1716846096403442E-003
   9.57966763526201248168945312500000000           9.7751103616703717E-004
   9.58944280631840229034423828125000000           3.7121463497095226E-004
   9.59921797737479209899902343750000000           7.2263889103484937E-004
   9.60899314843118190765380859375000000           9.6194420995916567E-004
   9.61876831948757171630859375000000000           2.6130589061886921E-004
   9.62854349054396152496337890625000000           1.3336589601670992E-003
   9.63831866160035133361816406250000000           4.6089737292371989E-004
   9.64809383265674114227294921875000000           1.3930054916016538E-003
   9.65786900371313095092773437500000000           9.1362568776961101E-005
   9.66764417476952075958251953125000000           1.4225349290924551E-003
   9.67741934582591056823730468750000000          -2.6544912799307747E-004
   9.68719451688230037689208984375000000           3.1318430640201247E-004
   9.69696968793869018554687500000000000           1.1350642925113939E-003
   9.70674485899507999420166015625000000           1.3685800056085517E-003
   9.71652003005146980285644531250000000           9.0614130540692768E-005
   9.72629520110785961151123046875000000           4.5842473543101424E-004
   9.73607037216424942016601562500000000           4.5933393431415466E-004
   9.74584554322063922882080078125000000           1.0050547675496348E-003
   9.75562071427702903747558593750000000           1.2100995047623748E-003
   9.76539588533341884613037109375000000           6.5764650873514669E-004
   9.77517105638980865478515625000000000          -2.0007722697506990E-004
   9.78494622744619846343994140625000000           1.1779944384105135E-003
   9.79472139850258827209472656250000000           4.7032078802488133E-004
   9.80449656955897808074951171875000000          -4.8925120748865365E-004
   9.81427174061536788940429687500000000          -2.6549330114270436E-004
   9.82404691167175769805908203125000000           9.9596110374374912E-004
   9.83382208272814750671386718750000000          -4.0310955781358565E-004
   9.84359725378453731536865234375000000          -4.8744836690127425E-004
   9.85337242484092712402343750000000000           8.4080815826787349E-004
   9.86314759589731693267822265625000000           3.5588251082596824E-004
   9.87292276695370674133300781250000000           3.7989668604294517E-004
   9.88269793801009654998779296875000000           7.9319055777859104E-004
   9.89247310906648635864257812500000000           4.4163576886506396E-004
   9.90224828012287616729736328125000000          -1.3595716090154447E-004
   9.91202345117926597595214843750000000           8.0618015444738076E-004
   9.92179862223565578460693359375000000           3.8107775904240983E-004
   9.93157379329204559326171875000000000          -7.3954359456364707E-004
   9.94134896434843540191650390625000000          -9.8772288558077854E-004
   9.95112413540482521057128906250000000           3.4737557491875049E-004
   9.96089930646121501922607421875000000           2.3589515049840594E-004
   9.97067447751760482788085937500000000          -1.2927470849676681E-004
   9.98044964857399463653564453125000000           9.3663560549724558E-005
   9.99022481963038444519042968750000000          -1.0070479178647903E-003
   9.99999999068677425384521484375000000          -3.8525720934234794E-004
   10.0097751617431640625000000000000000           6.0577047824694557E-004
