              1    2.2070122833
              2    2.2070420254
              3    2.2071312588
              4    2.2072800047
              5    2.2074882986
              6    2.2077561900
              7    2.2080837429
              8    2.2084710353
              9    2.2089181597
             10    2.2094252230
             11    2.2099923466
             12    2.2106196663
             13    2.2113073328
             14    2.2120555115
             15    2.2128643826
             16    2.2137341414
             17    2.2146649984
             18    2.2156571794
             19    2.2167109256
             20    2.2178264939
             21    2.2190041573
             22    2.2202442045
             23    2.2215469408
             24    2.2229126876
             25    2.2243417835
             26    2.2258345838
             27    2.2273914612
             28    2.2290128059
             29    2.2306990260
             30    2.2324505477
             31    2.2342678158
             32    2.2361512940
             33    2.2381014650
             34    2.2401188313
             35    2.2422039153
             36    2.2443572599
             37    2.2465794288
             38    2.2488710070
             39    2.2512326015
             40    2.2536648413
             41    2.2561683785
             42    2.2587438884
             43    2.2613920704
             44    2.2641136483
             45    2.2669093713
             46    2.2697800142
             47    2.2727263785
             48    2.2757492929
             49    2.2788496139
             50    2.2820282270
             51    2.2852860472
             52    2.2886240197
             53    2.2920431214
             54    2.2955443610
             55    2.2991287806
             56    2.3027974565
             57    2.3065515002
             58    2.3103920595
             59    2.3143203198
             60    2.3183375051
             61    2.3224448793
             62    2.3266437476
             63    2.3309354578
             64    2.3353214019
             65    2.3398030173
             66    2.3443817883
             67    2.3490592485
             68    2.3538369814
             69    2.3587166231
             70    2.3636998637
             71    2.3687884495
             72    2.3739841849
             73    2.3792889347
             74    2.3847046262
             75    2.3902332517
             76    2.3958768711
             77    2.4016376142
             78    2.4075176837
             79    2.4135193580
             80    2.4196449943
             81    2.4258970317
             82    2.4322779944
             83    2.4387904955
             84    2.4454372407
             85    2.4522210318
             86    2.4591447713
             87    2.4662114663
             88    2.4734242334
             89    2.4807863032
             90    2.4883010254
             91    2.4959718743
             92    2.5038024545
             93    2.5117965064
             94    2.5199579129
             95    2.5282907058
             96    2.5367990730
             97    2.5454873660
             98    2.5543601072
             99    2.5634219991
            100    2.5726779323
            101    2.5821329955
            102    2.5917924851
            103    2.6016619156
            104    2.6117470314
            105    2.6220538179
            106    2.6325885149
            107    2.6433576296
            108    2.6543679512
            109    2.6656265659
            110    2.6771408737
            111    2.6889186050
            112    2.7009678402
            113    2.7132970287
            114    2.7259150104
            115    2.7388310386
            116    2.7520548038
            117    2.7655964606
            118    2.7794666547
            119    2.7936765535
            120    2.8082378784
            121    2.8231629389
            122    2.8384646705
            123    2.8541566745
            124    2.8702532615
            125    2.8867694982
            126    2.9037212578
            127    2.9211252746
            128    2.9389992031
            129    2.9573616823
            130    2.9762324049
            131    2.9956321929
            132    3.0155830796
            133    3.0361083988
            134    3.0572328824
            135    3.0789827662
            136    3.1013859060
            137    3.1244719047
            138    3.1482722509
            139    3.1728204716
            140    3.1981522996
            141    3.2243058576
            142    3.2513218612
            143    3.2792438432
            144    3.3081184005
            145    3.3379954687
            146    3.3689286262
            147    3.4009754312
            148    3.4341977987
            149    3.4686624191
            150    3.5044412273
            151    3.5416119272
            152    3.5802585813
            153    3.6204722726
            154    3.6623518524
            155    3.7060047842
            156    3.7515481004
            157    3.7991094896
            158    3.8488285345
            159    3.9008581269
            160    3.9553660886
            161    4.0125370351
            162    4.0725745251
            163    4.1357035481
            164    4.2021734140
            165    4.2722611219
            166    4.3462753054
            167    4.4245608690
            168    4.5075044654
            169    4.5955409933
            170    4.6891613472
            171    4.7889217075
            172    4.8954547426
            173    5.0094831955
            174    5.1318364701
            175    5.2634710200
            176    5.4054955930
            177    5.5592027410
            178    5.7261084822
            179    5.9080026893
            180    6.1070137464
            181    6.3256924193
            182    6.5671219474
            183    6.8350644452
            184    7.1341583953
            185    7.4701893155
            186    7.8504673103
            187    8.2843642137
            188    8.7840949845
            189    9.3658835535
            190   10.0517535009
            191   10.8723725618
            192   11.8717531777
            193   13.1153943964
            194   14.7052129661
            195   16.8089344028
            196   19.7234262145
            197   24.0286041041
            198   31.0303180151
            199   44.4135802686
            200   80.1929883718
            201  482.0332159333
            202  115.1317452033
            203   50.4379622918
            204   31.8846507643
            205   23.0885054928
            206   17.9573263028
            207   14.5972029687
            208   12.2275763290
            209   10.4679637662
            210    9.1107601726
            211    8.0330766496
            212    7.1575373310
            213    6.4330023978
            214    5.8243239432
            215    5.3065542624
            216    4.8615012929
            217    4.4755915811
            218    4.1384960732
            219    3.8422187711
            220    3.5804759014
            221    3.3482628667
            222    3.1415457516
            223    2.9570373584
            224    2.7920317982
            225    2.6442804022
            226    2.5118972981
            227    2.3932866256
            228    2.2870857886
            229    2.1921207753
            230    2.1073707039
            231    2.0319395344
            232    1.9650334339
            233    1.9059426683
            234    1.8540271613
            235    1.8087050514
            236    1.7694437046
            237    1.7357527354
            238    1.7071786510
            239    1.6833007866
            240    1.6637282427
            241    1.6480975725
            242    1.6360710104
            243    1.6273350658
            244    1.6215993466
            245    1.6185955098
            246    1.6180762661
            247    1.6198143942
            248    1.6236017368
            249    1.6292481715
            250    1.6365805556
            251    1.6454416548
            252    1.6556890668
            253    1.6671941532
            254    1.6798409930
            255    1.6935253692
            256    1.7081537974
            257    1.7236426037
            258    1.7399170575
            259    1.7569105611
            260    1.7745638983
            261    1.7928245417
            262    1.8116460160
            263    1.8309873182
            264    1.8508123880
            265    1.8710896294
            266    1.8917914768
            267    1.9128940043
            268    1.9343765741
            269    1.9562215203
            270    1.9784138663
            271    2.0009410705
            272    2.0237928008
            273    2.0469607318
            274    2.0704383647
            275    2.0942208675
            276    2.1183049321
            277    2.1426886483
            278    2.1673713918
            279    2.1923537256
            280    2.2176373128
            281    2.2432248404
            282    2.2691199522
            283    2.2953271908
            284    2.3218519469
            285    2.3487004163
            286    2.3758795628
            287    2.4033970875
            288    2.4312614028
            289    2.4594816120
            290    2.4880674936
            291    2.5170294886
            292    2.5463786936
            293    2.5761268559
            294    2.6062863732
            295    2.6368702963
            296    2.6678923348
            297    2.6993668661
            298    2.7313089475
            299    2.7637343307
            300    2.7966594800
            301    2.8301015926
            302    2.8640786224
            303    2.8986093063
            304    2.9337131938
            305    2.9694106795
            306    3.0057230386
            307    3.0426724661
            308    3.0802821192
            309    3.1185761629
            310    3.1575798199
            311    3.1973194245
            312    3.2378224800
            313    3.2791177217
            314    3.3212351834
            315    3.3642062704
            316    3.4080638369
            317    3.4528422695
            318    3.4985775780
            319    3.5453074916
            320    3.5930715637
            321    3.6419112843
            322    3.6918702011
            323    3.7429940500
            324    3.7953308963
            325    3.8489312868
            326    3.9038484143
            327    3.9601382955
            328    4.0178599633
            329    4.0770756760
            330    4.1378511430
            331    4.2002557707
            332    4.2643629293
            333    4.3302502437
            334    4.3979999094
            335    4.4676990377
            336    4.5394400325
            337    4.6133210025
            338    4.6894462115
            339    4.7679265733
            340    4.8488801942
            341    4.9324329696
            342    5.0187192413
            343    5.1078825213
            344    5.2000762928
            345    5.2954648949
            346    5.3942245046
            347    5.4965442259
            348    5.6026273019
            349    5.7126924660
            350    5.8269754501
            351    5.9457306728
            352    6.0692331332
            353    6.1977805383
            354    6.3316957009
            355    6.4713292471
            356    6.6170626817
            357    6.7693118679
            358    6.9285309884
            359    7.0952170672
            360    7.2699151462
            361    7.4532242316
            362    7.6458041459
            363    7.8483834498
            364    8.0617686373
            365    8.2868548443
            366    8.5246383751
            367    8.7762314127
            368    9.0428793731
            369    9.3259814739
            370    9.6271152347
            371    9.9480658143
            372   10.2908613372
            373   10.6578156849
            374   11.0515806624
            375   11.4752100227
            376   11.9322386221
            377   12.4267810465
            378   12.9636555362
            379   13.5485411184
            380   14.1881788137
            381   14.8906320478
            382   15.6656276390
            383   16.5250080332
            384   17.4833395611
            385   18.5587433516
            386   19.7740501659
            387   21.1584367135
            388   22.7497951382
            389   24.5982498609
            390   26.7715268513
            391   29.3634232359
            392   32.5076882075
            393   36.4018294857
            394   41.3502457709
            395   47.8478527067
            396   56.7567813958
            397   69.7245223380
            398   90.3419250433
            399  128.2070723855
            400  220.5182257031
            401  785.0013869439
            402  504.3815354848
            403  191.0370578230
            404  117.8992055349
            405   85.2940594656
            406   66.8388117711
            407   54.9653392786
            408   46.6860267689
            409   40.5838323382
            410   35.9001161213
            411   32.1920431319
            412   29.1837448338
            413   26.6944065396
            414   24.6005745096
            415   22.8150812976
            416   21.2746265873
            417   19.9321318822
            418   18.7518570659
            419   17.7061809223
            420   16.7734196971
            421   15.9363131398
            422   15.1809513134
            423   14.4959993880
            424   13.8721281598
            425   13.3015892992
            426   12.7778941582
            427   12.2955678315
            428   11.8499586744
            429   11.4370892157
            430   11.0535383384
            431   10.6963473357
            432   10.3629443814
            433   10.0510833384
            434    9.7587938255
            435    9.4843401994
            436    9.2261876474
            437    8.9829739937
            438    8.7534861267
            439    8.5366401867
            440    8.3314648332
            441    8.1370870469
            442    7.9527200291
            443    7.7776528466
            444    7.6112415352
            445    7.4529014264
            446    7.3021005071
            447    7.1583536529
            448    7.0212176037
            449    6.8902865726
            450    6.7651883971
            451    6.6455811562
            452    6.5311501880
            453    6.4216054552
            454    6.3166792100
            455    6.2161239217
            456    6.1197104316
            457    6.0272263068
            458    5.9384743695
            459    5.8532713791
            460    5.7714468494
            461    5.6928419853
            462    5.6173087248
            463    5.5447088745
            464    5.4749133283
            465    5.4078013602
            466    5.3432599819
            467    5.2811833611
            468    5.2214722912
            469    5.1640337086
            470    5.1087802527
            471    5.0556298638
            472    5.0045054157
            473    4.9553343794
            474    4.9080485143
            475    4.8625835861
            476    4.8188791061
            477    4.7768780930
            478    4.7365268530
            479    4.6977747772
            480    4.6605741550
            481    4.6248800022
            482    4.5906499019
            483    4.5578438576
            484    4.5264241578
            485    4.4963552505
            486    4.4676036267
            487    4.4401377135
            488    4.4139277741
            489    4.3889458162
            490    4.3651655062
            491    4.3425620908
            492    4.3211123233
            493    4.3007943963
            494    4.2815878789
            495    4.2634736590
            496    4.2464338897
            497    4.2304519404
            498    4.2155123506
            499    4.2016007889
            500    4.1887040144
            501    4.1768098416
            502    4.1659071086
            503    4.1559856477
            504    4.1470362598
            505    4.1390506900
            506    4.1320216073
            507    4.1259425857
            508    4.1208080880
            509    4.1166134521
            510    4.1133548792
            511    4.1110294243
            512    4.1096349893
            513    4.1091703172
