   9.77517105638980865478515625000000000E-0004     2.2070211529473061     
   1.95503421127796173095703125000000000E-0003    -1.3271388882410200     
   2.93255131691694259643554687500000000E-0003     1.2533965115649717     
   3.91006842255592346191406250000000000E-0003    -1.7629021699534773     
   4.88758552819490432739257812500000000E-0003   -0.69836335749274825     
   5.86510263383388519287109375000000000E-0003     2.5320634158090631     
   6.84261973947286605834960937500000000E-0003    -1.2580952256001086     
   7.82013684511184692382812500000000000E-0003     1.0495636983899646     
   8.79765395075082778930664062500000000E-0003    -1.2371713446063415     
   9.77517105638980865478515625000000000E-0003    -1.3497107140548614     
   1.07526881620287895202636718750000000E-0002     2.7088918464531280     
   1.17302052676677703857421875000000000E-0002    -1.0456399495168014     
   1.27077223733067512512207031250000000E-0002    0.73926297767882954     
   1.36852394789457321166992187500000000E-0002   -0.67260581857545143     
   1.46627565845847129821777343750000000E-0002    -1.9105875558400001     
   1.56402736902236938476562500000000000E-0002     2.7190744666869624     
   1.66177907958626747131347656250000000E-0002   -0.70138864873243034     
   1.75953079015016555786132812500000000E-0002    0.35502209124948531     
   1.85728250071406364440917968750000000E-0002   -0.11388136166583671     
   1.95503421127796173095703125000000000E-0002    -2.3443832615025175     
   2.05278592184185981750488281250000000E-0002     2.5564338241952509     
   2.15053763240575790405273437500000000E-0002   -0.24838124981161577     
   2.24828934296965599060058593750000000E-0002    -6.4463062553192507E-002
   2.34604105353355407714843750000000000E-0002    0.39596828917439442     
   2.44379276409745216369628906250000000E-0002    -2.6240774072763657     
   2.54154447466135025024414062500000000E-0002     2.2276438024314320     
   2.63929618522524833679199218750000000E-0002    0.28066007498535106     
   2.73704789578914642333984375000000000E-0002   -0.47756065534777198     
   2.83479960635304450988769531250000000E-0002    0.81893840382388994     
   2.93255131691694259643554687500000000E-0002    -2.7342353309291227     
   3.03030302748084068298339843750000000E-0002     1.7518243944700707     
   3.12805473804473876953125000000000000E-0002    0.84586182146279010     
   3.22580644860863685607910156250000000E-0002   -0.84317076803745272     
   3.32355815917253494262695312500000000E-0002     1.1250184878080471     
   3.42130986973643302917480468750000000E-0002    -2.6720976489272710     
   3.51906158030033111572265625000000000E-0002     1.1591641025948214     
   3.61681329086422920227050781250000000E-0002     1.4033194755616891     
   3.71456500142812728881835937500000000E-0002    -1.1241505471995581     
   3.81231671199202537536621093750000000E-0002     1.2945016069504893     
   3.91006842255592346191406250000000000E-0002    -2.4476800125269071     
   4.00782013311982154846191406250000000E-0002    0.48867643836154323     
   4.10557184368371963500976562500000000E-0002     1.9085606492554366     
   4.20332355424761772155761718750000000E-0002    -1.2904217773094941     
   4.30107526481151580810546875000000000E-0002     1.3194560958540076     
   4.39882697537541389465332031250000000E-0002    -2.0828775644823887     
   4.49657868593931198120117187500000000E-0002   -0.21473457685193603     
   4.59433039650321006774902343750000000E-0002     2.3200767913058686     
   4.69208210706710815429687500000000000E-0002    -1.3215112256917931     
   4.78983381763100624084472656250000000E-0002     1.2042447657363098     
   4.88758552819490432739257812500000000E-0002    -1.6096471259422083     
   4.98533723875880241394042968750000000E-0002   -0.90367039416867689     
   5.08308894932270050048828125000000000E-0002     2.6026433273357048     
   5.18084065988659858703613281250000000E-0002    -1.2083192345185847     
   5.27859237045049667358398437500000000E-0002    0.96505262807520409     
   5.37634408101439476013183593750000000E-0002    -1.0674128800415497     
   5.47409579157829284667968750000000000E-0002    -1.5318294049961370     
   5.57184750214219093322753906250000000E-0002     2.7301643926810302     
   5.66959921270608901977539062500000000E-0002   -0.95397343062954687     
   5.76735092326998710632324218750000000E-0002    0.62846309900592123     
   5.86510263383388519287109375000000000E-0002   -0.49990246502078584     
   5.96285434439778327941894531250000000E-0002    -2.0575124423792337     
   6.06060605496168136596679687500000000E-0002     2.6878155622037379     
   6.15835776552557945251464843750000000E-0002   -0.57369722711793181     
   6.25610947608947753906250000000000000E-0002    0.22919837883591523     
   6.35386118665337562561035156250000000E-0002     4.8334894589371423E-002
   6.45161289721727371215820312500000000E-0002    -2.4467676603521591     
   6.54936460778117179870605468750000000E-0002     2.4733132098329431     
   6.64711631834506988525390625000000000E-0002    -9.3701222589681415E-002
   6.74486802890896797180175781250000000E-0002   -0.19279379897773313     
   6.84261973947286605834960937500000000E-0002    0.53545184175822214     
   6.94037145003676414489746093750000000E-0002    -2.6759286443423149     
   7.03812316060066223144531250000000000E-0002     2.0972079765177476     
   7.13587487116456031799316406250000000E-0002    0.45081656053436708     
   7.23362658172845840454101562500000000E-0002   -0.59567286194714397     
   7.33137829229235649108886718750000000E-0002    0.92558872076924348     
   7.42913000285625457763671875000000000E-0002    -2.7333475678000636     
   7.52688171342015266418457031250000000E-0002     1.5821768376291057     
   7.62463342398405075073242187500000000E-0002     1.0184045972541653     
   7.72238513454794883728027343750000000E-0002   -0.93918998806851106     
   7.82013684511184692382812500000000000E-0002     1.1916618934234322     
   7.91788855567574501037597656250000000E-0002    -2.6201888257970718     
   8.01564026623964309692382812500000000E-0002    0.96136734048336647     
   8.11339197680354118347167968750000000E-0002     1.5646102971635720     
   8.21114368736743927001953125000000000E-0002    -1.1880449628536582     
   8.30889539793133735656738281250000000E-0002     1.3174345424185474     
   8.40664710849523544311523437500000000E-0002    -2.3502228053225247     
   8.50439881905913352966308593750000000E-0002    0.27592246560318806     
   8.60215052962303161621093750000000000E-0002     2.0454937480769999     
   8.69990224018692970275878906250000000E-0002    -1.3148458344850364     
   8.79765395075082778930664062500000000E-0002     1.2987072912277333     
   8.89540566131472587585449218750000000E-0002    -1.9486384139483452     
   8.99315737187862396240234375000000000E-0002   -0.42812068063917935     
   9.09090908244252204895019531250000000E-0002     2.4211243718984394     
   9.18866079300642013549804687500000000E-0002    -1.3024334887574458     
   9.28641250357031822204589843750000000E-0002     1.1435361624559970     
   9.38416421413421630859375000000000000E-0002    -1.4499704287090425     
   9.48191592469811439514160156250000000E-0002    -1.1033156394361079     
   9.57966763526201248168945312500000000E-0002     2.6587829840068822     
   9.67741934582591056823730468750000000E-0002    -1.1453837822507953     
   9.77517105638980865478515625000000000E-0002    0.87146288369003067     
   9.87292276695370674133300781250000000E-0002   -0.89530751229183869     
   9.97067447751760482788085937500000000E-0002    -1.7044018221331874     
  0.100684261880815029144287109375000000           2.7356146422699097     
  0.101661778986454010009765625000000000         -0.85056530589907609     
  0.102639296092092990875244140625000000          0.51182117991530518     
  0.103616813197731971740722656250000000         -0.32900334853523067     
  0.104594330303370952606201171875000000          -2.1917284332515465     
  0.105571847409009933471679687500000000           2.6405207698508759     
  0.106549364514648914337158203125000000         -0.43670600898804718     
  0.107526881620287895202636718750000000          0.10125622357001401     
  0.108504398725926876068115234375000000          0.20484770593470386     
  0.109481915831565856933593750000000000          -2.5342388876655821     
  0.110459432937204837799072265625000000           2.3751389288602547     
  0.111436950042843818664550781250000000           6.6999169336907471E-002
  0.112414467148482799530029296875000000         -0.31934298857232324     
  0.113391984254121780395507812500000000          0.66589085132899073     
  0.114369501359760761260986328125000000          -2.7117822594269163     
  0.115347018465399742126464843750000000           1.9538305690666660     
  0.116324535571038722991943359375000000          0.62313110179013331     
  0.117302052676677703857421875000000000         -0.70825186594692935     
  0.118279569782316684722900390625000000           1.0206713205587190     
  0.119257086887955665588378906250000000          -2.7165714919867203     
  0.120234603993594646453857421875000000           1.4026753803300378     
  0.121212121099233627319335937500000000           1.1889633076280628     
  0.122189638204872608184814453125000000          -1.0263855070379051     
  0.123167155310511589050292968750000000           1.2452252832938149     
  0.124144672416150569915771484375000000          -2.5536755259415398     
  0.125122189521789550781250000000000000          0.75754933727668461     
  0.126099706627428531646728515625000000           1.7198225376218697     
  0.127077223733067512512207031250000000          -1.2405621467798711     
  0.128054740838706493377685546875000000           1.3268969702412703     
  0.129032257944345474243164062500000000          -2.2405088190678790     
  0.130009775049984455108642578125000000           6.1435924879561517E-002
  0.130987292155623435974121093750000000           2.1726271840039337     
  0.131964809261262416839599609375000000          -1.3262927281162016     
  0.132942326366901397705078125000000000           1.2652395873697055     
  0.133919843472540378570556640625000000          -1.8053608984869578     
  0.134897360578179359436035156250000000         -0.63881936165015507     
  0.135874877683818340301513671875000000           2.5093230224840197     
  0.136852394789457321166992187500000000          -1.2698722477013404     
  0.137829911895096302032470703125000000           1.0719306282144963     
  0.138807429000735282897949218750000000          -1.2850843257719813     
  0.139784946106374263763427734375000000          -1.2960571414652997     
  0.140762463212013244628906250000000000           2.6999434653122623     
  0.141739980317652225494384765625000000          -1.0696040683203694     
  0.142717497423291206359863281250000000          0.76971069234285761     
  0.143695014528930187225341796875000000         -0.72212577449905024     
  0.144672531634569168090820312500000000          -1.8663768719212428     
  0.145650048740208148956298828125000000           2.7250508167350720     
  0.146627565845847129821777343750000000         -0.73605737770941937     
  0.147605082951486110687255859375000000          0.39043264812692513     
  0.148582600057125091552734375000000000         -0.16113656579783175     
  0.149560117162764072418212890625000000          -2.3124542016258243     
  0.150537634268403053283691406250000000           2.5773636599809926     
  0.151515151374042034149169921875000000         -0.29133493019408041     
  0.152492668479681015014648437500000000          -2.7621231254045288E-002
  0.153470185585319995880126953125000000          0.35456810549723022     
  0.154447702690958976745605468750000000          -2.6063431712943652     
  0.155425219796597957611083984375000000           2.2624396203598844     
  0.156402736902236938476562500000000000          0.23259297400165319     
  0.157380254007875919342041015625000000         -0.44293829629902381     
  0.158357771113514900207519531250000000          0.78642049201703723     
  0.159335288219153881072998046875000000          -2.7315442034039439     
  0.160312805324792861938476562500000000           1.7983572666165271     
  0.161290322430431842803955078125000000          0.79635789329859730     
  0.162267839536070823669433593750000000         -0.81423379716197941     
  0.163245356641709804534912109375000000           1.1036121332344333     
  0.164222873747348785400390625000000000          -2.6841768513378015     
  0.165200390852987766265869140625000000           1.2144199313138924     
  0.166177907958626747131347656250000000           1.3562715347395822     
  0.167155425064265727996826171875000000          -1.1038908719176377     
  0.168132942169904708862304687500000000           1.2854683189621268     
  0.169110459275543689727783203125000000          -2.4731670181223735     
  0.170087976381182670593261718750000000          0.54898149196184576     
  0.171065493486821651458740234375000000           1.8677697072780153     
  0.172043010592460632324218750000000000          -1.2811061663153800     
  0.173020527698099613189697265625000000           1.3229982627683365     
  0.173998044803738594055175781250000000          -2.1194361997889022     
  0.174975561909377574920654296875000000         -0.15343646251350407     
  0.175953079015016555786132812500000000           2.2889492610516178     
  0.176930596120655536651611328125000000          -1.3244884158206311     
  0.177908113226294517517089843750000000           1.2194998447352736     
  0.178885630331933498382568359375000000          -1.6541590922988811     
  0.179863147437572479248046875000000000         -0.84551064732787029     
  0.180840664543211460113525390625000000           2.5839174933712705     
  0.181818181648850440979003906250000000          -1.2239008317746249     
  0.182795698754489421844482421875000000          0.99017312676391989     
  0.183773215860128402709960937500000000          -1.1162293838164459     
  0.184750732965767383575439453125000000          -1.4807016510354336     
  0.185728250071406364440917968750000000           2.7256879046189328     
  0.186705767177045345306396484375000000         -0.98139829117611510     
  0.187683284282684326171875000000000000          0.66077577582270686     
  0.188660801388323307037353515625000000         -0.54913591699914788     
  0.189638318493962287902832031250000000          -2.0167780728064084     
  0.190615835599601268768310546875000000           2.6983917014267909     
  0.191593352705240249633789062500000000         -0.61118235992341174     
  0.192570869810879230499267578125000000          0.26542978573442272     
  0.193548386916518211364746093750000000           2.5022875911226150E-003
  0.194525904022157192230224609375000000          -2.4190030989091946     
  0.195503421127796173095703125000000000           2.4986282634950756     
  0.196480938233435153961181640625000000         -0.13857536580329877     
  0.197458455339074134826660156250000000         -0.15624358586402920     
  0.198435972444713115692138671875000000          0.49646706873564267     
  0.199413489550352096557617187500000000          -2.6627340752407753     
  0.200391006655991077423095703125000000           2.1358456554633234     
  0.201368523761630058288574218750000000          0.40190712566263503     
  0.202346040867269039154052734375000000         -0.56243031077083816     
  0.203323557972908020019531250000000000          0.89625837537756370     
  0.204301075078547000885009765625000000          -2.7352320331295745     
  0.205278592184185981750488281250000000           1.6317188033287751     
  0.206256109289824962615966796875000000          0.96923419493944929     
  0.207233626395463943481445312500000000         -0.91260604976188564     
  0.208211143501102924346923828125000000           1.1739353020995431     
  0.209188660606741905212402343750000000          -2.6365405643538540     
  0.210166177712380886077880859375000000           1.0185721045207368     
  0.211143694818019866943359375000000000           1.5190766498506134     
  0.212121211923658847808837890625000000          -1.1709151199404986     
  0.213098729029297828674316406250000000           1.3122566951384753     
  0.214076246134936809539794921875000000          -2.3793669715571677     
  0.215053763240575790405273437500000000          0.33696873245364978     
  0.216031280346214771270751953125000000           2.0073089385103411     
  0.217008797451853752136230468750000000          -1.3091747420611350     
  0.217986314557492733001708984375000000           1.3059530870195828     
  0.218963831663131713867187500000000000          -1.9879774168489561     
  0.219941348768770694732666015625000000         -0.36734525020558201     
  0.220918865874409675598144531250000000           2.3935184784550003     
  0.221896382980048656463623046875000000          -1.3092631427531030     
  0.222873900085687637329101562500000000           1.1620310006977672     
  0.223851417191326618194580078125000000          -1.4961956126557703     
  0.224828934296965599060058593750000000          -1.0469028574804624     
  0.225806451402604579925537109375000000           2.6442439291251745     
  0.226783968508243560791015625000000000          -1.1646990965014112     
  0.227761485613882541656494140625000000          0.89908775585005507     
  0.228739002719521522521972656250000000         -0.94466528138811456     
  0.229716519825160503387451171875000000          -1.6561130114357137     
  0.230694036930799484252929687500000000           2.7356849623510131     
  0.231671554036438465118408203125000000         -0.88128482015013410     
  0.232649071142077445983886718750000000          0.54569369057888539     
  0.233626588247716426849365234375000000         -0.37759455758180210     
  0.234604105353355407714843750000000000          -2.1547103630088427     
  0.235581622458994388580322265625000000           2.6556675399278098     
  0.236559139564633369445800781250000000         -0.47675867357039059     
  0.237536656670272350311279296875000000          0.13797292815524753     
  0.238514173775911331176757812500000000          0.16075886833380268     
  0.239491690881550312042236328125000000          -2.5107878486676802     
  0.240469207987189292907714843750000000           2.4047073107104491     
  0.241446725092828273773193359375000000           2.0517041968586922E-002
  0.242424242198467254638671875000000000         -0.28342241961767783     
  0.243401759304106235504150390625000000          0.62958297387688322     
  0.244379276409745216369628906250000000          -2.7031747150379419     
  0.245356793515384197235107421875000000           1.9960848536510734     
  0.246334310621023178100585937500000000          0.57373101896106682     
  0.247311827726662158966064453125000000         -0.67670147338734765     
  0.248289344832301139831542968750000000          0.99471013130871566     
  0.249266861937940120697021484375000000          -2.7229744794372883     
  0.250244379043579101562500000000000000           1.4549244869817244     
  0.251221896149218082427978515625000000           1.1404896301551972     
  0.252199413254857063293457031250000000          -1.0024151882763899     
  0.253176930360496044158935546875000000           1.2312664465509062     
  0.254154447466135025024414062500000000          -2.5741436810375644     
  0.255131964571774005889892578125000000          0.81634706013944824     
  0.256109481677412986755371093750000000           1.6761490989777523     
  0.257086998783051967620849609375000000          -1.2267490261879641     
  0.258064515888690948486328125000000000           1.3255628307413485     
  0.259042032994329929351806640625000000          -2.2730680556412155     
  0.260019550099968910217285156250000000          0.12284031025146601     
  0.260997067205607891082763671875000000           2.1373495219164691     
  0.261974584311246871948242187500000000          -1.3243633336763909     
  0.262952101416885852813720703125000000           1.2760794751066864     
  0.263929618522524833679199218750000000          -1.8471719337261274     
  0.264907135628163814544677734375000000         -0.57894779721317047     
  0.265884652733802795410156250000000000           2.4854706387098253     
  0.266862169839441776275634765625000000          -1.2805530342153943     
  0.267839686945080757141113281250000000           1.0934676791533957     
  0.268817204050719738006591796875000000          -1.3326729457366466     
  0.269794721156358718872070312500000000          -1.2417417128825692     
  0.270772238261997699737548828125000000           2.6897349818503660     
  0.271749755367636680603027343750000000          -1.0925523901218397     
  0.272727272473275661468505859375000000          0.79957125162736309     
  0.273704789578914642333984375000000000         -0.77166147924760542     
  0.274682306684553623199462890625000000          -1.8212201315803203     
  0.275659823790192604064941406250000000           2.7297115349455474     
  0.276637340895831584930419921875000000         -0.76987861183911865     
  0.277614858001470565795898437500000000          0.42554775004909978     
  0.278592375107109546661376953125000000         -0.20873743657619459     
  0.279569892212748527526855468750000000          -2.2793663142908200     
  0.280547409318387508392333984375000000           2.5970201187174311     
  0.281524926424026489257812500000000000         -0.33368459243986992     
  0.282502443529665470123291015625000000           9.2414533124687490E-003
  0.283479960635304450988769531250000000          0.31252851335368897     
  0.284457477740943431854248046875000000          -2.5873245162538652     
  0.285434994846582412719726562500000000           2.2960996789182717     
  0.286412511952221393585205078125000000          0.18483004855525206     
  0.287390029057860374450683593750000000         -0.40798051181337203     
  0.288367546163499355316162109375000000          0.75302854657140050     
  0.289345063269138336181640625000000000          -2.7275391757934573     
  0.290322580374777317047119140625000000           1.8439774886760452     
  0.291300097480416297912597656250000000          0.74682537902251700     
  0.292277614586055278778076171875000000         -0.78467476928408719     
  0.293255131691694259643554687500000000           1.0811743219611618     
  0.294232648797333240509033203125000000          -2.6950102077357863     
  0.295210165902972221374511718750000000           1.2690551516578961     
  0.296187683008611202239990234375000000           1.3088555595013858     
  0.297165200114250183105468750000000000          -1.0827744109682049     
  0.298142717219889163970947265625000000           1.2753351598950184     
  0.299120234325528144836425781250000000          -2.4975675900293779     
  0.300097751431167125701904296875000000          0.60900495473683158     
  0.301075268536806106567382812500000000           1.8262915368932171     
  0.302052785642445087432861328125000000          -1.2707707393044110     
  0.303030302748084068298339843750000000           1.3254657578758466     
  0.304007819853723049163818359375000000          -2.1551458990904115     
  0.304985336959362030029296875000000000          -9.2059582535060330E-002
  0.305962854065001010894775390625000000           2.2568610755318619     
  0.306940371170639991760253906250000000          -1.3263684932327047     
  0.307917888276278972625732421875000000           1.2337961194108225     
  0.308895405381917953491210937500000000          -1.6981184018036162     
  0.309872922487556934356689453125000000         -0.78691774869934994     
  0.310850439593195915222167968750000000           2.5640254020659965     
  0.311827956698834896087646484375000000          -1.2384008935393693     
  0.312805473804473876953125000000000000           1.0145311134001336     
  0.313782990910112857818603515625000000          -1.1648244965342083     
  0.314760508015751838684082031250000000          -1.4288191707713254     
  0.315738025121390819549560546875000000           2.7199242278858682     
  0.316715542227029800415039062500000000          -1.0078497262838488     
  0.317693059332668781280517578125000000          0.69258594950208063     
  0.318670576438307762145996093750000000         -0.59848783736187194     
  0.319648093543946743011474609375000000          -1.9750244842055811     
  0.320625610649585723876953125000000000           2.7076546790871383     
  0.321603127755224704742431640625000000         -0.64788689693157719     
  0.322580644860863685607910156250000000          0.30146058980704404     
  0.323558161966502666473388671875000000          -4.3770344997073225E-002
  0.324535679072141647338867187500000000          -2.3900317065365853     
  0.325513196177780628204345703125000000           2.5227020409072045     
  0.326490713283419609069824218750000000         -0.18293178148146746     
  0.327468230389058589935302734375000000         -0.11957537156527416     
  0.328445747494697570800781250000000000          0.45676428232537919     
  0.329423264600336551666259765625000000          -2.6482357254942741     
  0.330400781705975532531738281250000000           2.1734070668441898     
  0.331378298811614513397216796875000000          0.35320290818471117     
  0.332355815917253494262695312500000000         -0.52876097876084860     
  0.333333333022892475128173828125000000          0.86599723775178761     
  0.334310850128531455993652343750000000          -2.7358131230329059     
  0.335288367234170436859130859375000000           1.6804306203009156     
  0.336265884339809417724609375000000000          0.91993136210051940     
  0.337243401445448398590087890625000000         -0.88532211507966008     
  0.338220918551087379455566406250000000           1.1551466527321317     
  0.339198435656726360321044921875000000          -2.6516857809001517     
  0.340175952762365341186523437500000000           1.0752555884372568     
  0.341153469868004322052001953125000000           1.4730744602836281     
  0.342130986973643302917480468750000000          -1.1528705146549811     
  0.343108504079282283782958984375000000           1.3059767241876268     
  0.344086021184921264648437500000000000          -2.4074895004934960     
  0.345063538290560245513916015625000000          0.39784206284630469     
  0.346041055396199226379394531250000000           1.9683477418996622     
  0.347018572501838207244873046875000000          -1.3024507629663435     
  0.347996089607477188110351562500000000           1.3121502101510181     
  0.348973606713116168975830078125000000          -2.0265524534793475     
  0.349951123818755149841308593750000000         -0.30638130527395663     
  0.350928640924394130706787109375000000           2.3648812865209905     
  0.351906158030033111572265625000000000          -1.3149904606772624     
  0.352883675135672092437744140625000000           1.1796189131573620     
  0.353861192241311073303222656250000000          -1.5419664350834963     
  0.354838709346950054168701171875000000         -0.98995439779371353     
  0.355816226452589035034179687500000000           2.6284922387313681     
  0.356793743558228015899658203125000000          -1.1829561987456640     
  0.357771260663866996765136718750000000          0.92602342052097408     
  0.358748777769505977630615234375000000         -0.99390542908108437     
  0.359726294875144958496093750000000000          -1.6069819227526978     
  0.360703811980783939361572265625000000           2.7344498548624045     
  0.361681329086422920227050781250000000         -0.91108117596566962     
  0.362658846192061901092529296875000000          0.57915225417753358     
  0.363636363297700881958007812500000000         -0.42640524786651590     
  0.364613880403339862823486328125000000          -2.1166070745159553     
  0.365591397508978843688964843750000000           2.6695127364941147     
  0.366568914614617824554443359375000000         -0.51610416892355471     
  0.367546431720256805419921875000000000          0.17458543864757145     
  0.368523948825895786285400390625000000          0.11613970732834786     
  0.369501465931534767150878906250000000          -2.4860904226782741     
  0.370478983037173748016357421875000000           2.4330751938204944     
  0.371456500142812728881835937500000000          -2.5538275429482234E-002
  0.372434017248451709747314453125000000         -0.24728761708412200     
  0.373411534354090690612792968750000000          0.59248455561252067     
  0.374389051459729671478271484375000000          -2.6932530993327535     
  0.375366568565368652343750000000000000           2.0373299199172403     
  0.376344085671007633209228515625000000          0.52443485173067439     
  0.377321602776646614074707031250000000         -0.64463625878993003     
  0.378299119882285594940185546875000000          0.96776898789970622     
  0.379276636987924575805664062500000000          -2.7280936024204356     
  0.380254154093563556671142578125000000           1.5064317930050823     
  0.381231671199202537536621093750000000           1.0917798196243222     
  0.382209188304841518402099609375000000         -0.97767238065157580     
  0.383186705410480499267578125000000000           1.2162234496605457     
  0.384164222516119480133056640625000000          -2.5934528400135717     
  0.385141739621758460998535156250000000          0.87472650925354845     
  0.386119256727397441864013671875000000           1.6319092429671747     
  0.387096773833036422729492187500000000          -1.2119703087572795     
  0.388074290938675403594970703125000000           1.3231330299498159     
  0.389051808044314384460449218750000000          -2.3046772325481473     
  0.390029325149953365325927734375000000          0.18418163481657940     
  0.391006842255592346191406250000000000           2.1012112453849285     
  0.391984359361231327056884765625000000          -1.3213562455853674     
  0.392961876466870307922363281250000000           1.2859049176780930     
  0.393939393572509288787841796875000000          -1.8883088105173393     
  0.394916910678148269653320312500000000         -0.51877930069120559     
  0.395894427783787250518798828125000000           2.4605231679027750     
  0.396871944889426231384277343750000000          -1.2901349815754475     
  0.397849461995065212249755859375000000           1.1141567626242528     
  0.398826979100704193115234375000000000          -1.3799080267968273     
  0.399804496206343173980712890625000000          -1.1867918601109388     
  0.400782013311982154846191406250000000           2.6782757344623715     
  0.401759530417621135711669921875000000          -1.1144742974243775     
  0.402737047523260116577148437500000000          0.82882127030927677     
  0.403714564628899097442626953125000000         -0.82118336476060616     
  0.404692081734538078308105468750000000          -1.7751394931207398     
  0.405669598840177059173583984375000000           2.7330575914348127     
  0.406647115945816040039062500000000000         -0.80283449740729584     
  0.407624633051455020904541015625000000          0.46034067531339362     
  0.408602150157094001770019531250000000         -0.25665635318024960     
  0.409579667262732982635498046875000000          -2.2451348285459103     
  0.410557184368371963500976562500000000           2.6153956504090989     
  0.411534701474010944366455078125000000         -0.37540651135371211     
  0.412512218579649925231933593750000000           4.6097160906802249E-002
  0.413489735685288906097412109375000000          0.26987301853973650     
  0.414467252790927886962890625000000000          -2.5670286285072601     
  0.415444769896566867828369140625000000           2.3286084211212605     
  0.416422287002205848693847656250000000          0.13739905076112338     
  0.417399804107844829559326171875000000         -0.37271392377615675     
  0.418377321213483810424804687500000000          0.71878013172942545     
  0.419354838319122791290283203125000000          -2.7222189070392524     
  0.420332355424761772155761718750000000           1.8886626357681953     
  0.421309872530400753021240234375000000          0.69729387881232341     
  0.422287389636039733886718750000000000         -0.75451687800209355     
  0.423264906741678714752197265625000000           1.0577153354913071     
  0.424242423847317695617675781250000000          -2.7045880304020224     
  0.425219940952956676483154296875000000           1.3230421474789325     
  0.426197458058595657348632812500000000           1.2611006572704067     
  0.427174975164234638214111328125000000          -1.0608189848840286     
  0.428152492269873619079589843750000000           1.2641043779894623     
  0.429130009375512599945068359375000000          -2.5208645242681116     
  0.430107526481151580810546875000000000          0.66871610250962688     
  0.431085043586790561676025390625000000           1.7841524354769664     
  0.432062560692429542541503906250000000          -1.2594264304317813     
  0.433040077798068523406982421875000000           1.3268526945145682     
  0.434017594903707504272460937500000000          -2.1899833551124241     
  0.434995112009346485137939453125000000          -3.0635442336305573E-002
  0.435972629114985466003417968750000000           2.2238336122357301     
  0.436950146220624446868896484375000000          -1.3271545458522092     
  0.437927663326263427734375000000000000           1.2471201219757611     
  0.438905180431902408599853515625000000          -1.7414975264086547     
  0.439882697537541389465332031250000000         -0.72792159692888903     
  0.440860214643180370330810546875000000           2.5429817764219909     
  0.441837731748819351196289062500000000          -1.2518143330703304     
  0.442815248854458332061767578125000000           1.0381067026211956     
  0.443792765960097312927246093750000000          -1.2131686714949266     
  0.444770283065736293792724609375000000          -1.3762079939862029     
  0.445747800171375274658203125000000000           2.7128802099641742     
  0.446725317277014255523681640625000000          -1.0333148052333700     
  0.447702834382653236389160156250000000          0.72386899626195078     
  0.448680351488292217254638671875000000         -0.64792900748038462     
  0.449657868593931198120117187500000000          -1.9322718785358557     
  0.450635385699570178985595703125000000           2.7156028575688698     
  0.451612902805209159851074218750000000         -0.68379102848757434     
  0.452590419910848140716552734375000000          0.33726348843000115     
  0.453567937016487121582031250000000000          -9.0456417788664492E-002
  0.454545454122126102447509765625000000          -2.3598663547787062     
  0.455522971227765083312988281250000000           2.5455244708933016     
  0.456500488333404064178466796875000000         -0.22674530510699112     
  0.457478005439043045043945312500000000          -8.2816862990181150E-002
  0.458455522544682025909423828125000000          0.41636535360485399     
  0.459433039650321006774902343750000000          -2.6324382071760084     
  0.460410556755959987640380859375000000           2.2098744160525254     
  0.461388073861598968505859375000000000          0.30473246429284218     
  0.462365590967237949371337890625000000         -0.49469067011519430     
  0.463343108072876930236816406250000000          0.83482077217275352     
  0.464320625178515911102294921875000000          -2.7350869064337631     
  0.465298142284154891967773437500000000           1.7282880846784980     
  0.466275659389793872833251953125000000          0.87052579932840368     
  0.467253176495432853698730468750000000         -0.85735993119454257     
  0.468230693601071834564208984375000000           1.1353038322680047     
  0.469208210706710815429687500000000000          -2.6656123837694401     
  0.470185727812349796295166015625000000           1.1313889950480807     
  0.471163244917988777160644531250000000           1.4266322199404120     
  0.472140762023627758026123046875000000          -1.1339270084882591     
  0.473118279129266738891601562500000000           1.2985943822972532     
  0.474095796234905719757080078125000000          -2.4345711569259212     
  0.475073313340544700622558593750000000          0.45851124205495841     
  0.476050830446183681488037109375000000           1.9286351674473676     
  0.477028347551822662353515625000000000          -1.2946825170884457     
  0.478005864657461643218994140625000000           1.3172903787041139     
  0.478983381763100624084472656250000000          -2.0643387148324406     
  0.479960898868739604949951171875000000         -0.24526011287899349     
  0.480938415974378585815429687500000000           2.3352323107348436     
  0.481915933080017566680908203125000000          -1.3196160470982934     
  0.482893450185656547546386718750000000           1.1962843297940988     
  0.483870967291295528411865234375000000          -1.5872545102520257     
  0.484848484396934509277343750000000000         -0.93249921038641914     
  0.485826001502573490142822265625000000           2.6115403416270366     
  0.486803518608212471008300781250000000          -1.2001475498696024     
  0.487781035713851451873779296875000000          0.95224835204216729     
  0.488758552819490432739257812500000000          -1.0429982583483262     
  0.489736069925129413604736328125000000          -1.5570330013188998     
  0.490713587030768394470214843750000000           2.7319136195624205     
  0.491691104136407375335693359375000000         -0.93993921932012248     
  0.492668621242046356201171875000000000          0.61217120030168182     
  0.493646138347685337066650390625000000         -0.47540676499243834     
  0.494623655453324317932128906250000000          -2.0774366733865355     
  0.495601172558963298797607421875000000           2.6820521189929205     
  0.496578689664602279663085937500000000         -0.55472087146226512     
  0.497556206770241260528564453125000000          0.21106608346621472     
  0.498533723875880241394042968750000000           7.1015578955739345E-002
  0.499511240981519222259521484375000000          -2.4601570371789383     
  0.500488758087158203125000000000000000           2.4602300519927649     
  0.501466275192797183990478515625000000          -7.1140361948145076E-002
  0.502443792298436164855957031250000000         -0.21096594956257841     
  0.503421309404075145721435546875000000          0.55461567519062860     
  0.504398826509714126586914062500000000          -2.6820194236831210     
  0.505376343615353107452392578125000000           2.0775458580789334     
  0.506353860720992088317871093750000000          0.47527175096427160     
  0.507331377826631069183349609375000000         -0.61208100790585773     
  0.508308894932270050048828125000000000          0.93986114558529654     
  0.509286412037909030914306640625000000          -2.7319223754997908     
  0.510263929143548011779785156250000000           1.5571714847456744     
  0.511241446249186992645263671875000000           1.0428634577340254     
  0.512218963354825973510742187500000000         -0.95217721449723602     
  0.513196480460464954376220703125000000           1.2001017331313957     
  0.514173997566103935241699218750000000          -2.6115886020352259     
  0.515151514671742916107177734375000000          0.93265790912606483     
  0.516129031777381896972656250000000000           1.5871306333017257     
  0.517106548883020877838134765625000000          -1.1962397705754131     
  0.518084065988659858703613281250000000           1.3196048343780151     
  0.519061583094298839569091796875000000          -2.3353152296355231     
  0.520039100199937820434570312500000000          0.24542841368194285     
  0.521016617305576801300048828125000000           2.0642358879241729     
  0.521994134411215782165527343750000000          -1.3172776973540290     
  0.522971651516854763031005859375000000           1.2947053074858701     
  0.523949168622493743896484375000000000          -1.9287454042167893     
  0.524926685728132724761962890625000000         -0.45834467996936412     
  0.525904202833771705627441406250000000           2.4344981135657648     
  0.526881719939410686492919921875000000          -1.2986161990215102     
  0.527859237045049667358398437500000000           1.1339803305125558     
  0.528836754150688648223876953125000000          -1.4267605366221288     
  0.529814271256327629089355468750000000          -1.1312353806810234     
  0.530791788361966609954833984375000000           2.6655757605326857     
  0.531769305467605590820312500000000000          -1.1353598480049374     
  0.532746822573244571685791015625000000          0.85743775118602894     
  0.533724339678883552551269531250000000         -0.87066180303578145     
  0.534701856784522533416748046875000000          -1.7281576462689596     
  0.535679373890161514282226562500000000           2.7350906999039508     
  0.536656890995800495147705078125000000         -0.83490776380090093     
  0.537634408101439476013183593750000000          0.49478490664177316     
  0.538611925207078456878662109375000000         -0.30486543563711521     
  0.539589442312717437744140625000000000          -2.2097756289473494     
  0.540566959418356418609619140625000000           2.6324834352778157     
  0.541544476523995399475097656250000000         -0.41647740523688204     
  0.542521993629634380340576171875000000           8.2918065714009906E-002
  0.543499510735273361206054687500000000          0.22662556333794115     
  0.544477027840912342071533203125000000          -2.5454634227193407     
  0.545454544946551322937011718750000000           2.3599509497921267     
  0.546432062052190303802490234375000000           9.0327465281987818E-002
  0.547409579157829284667968750000000000         -0.33716535000310416     
  0.548387096263468265533447265625000000          0.68369338966793558     
  0.549364613369107246398925781250000000          -2.7155828003031424     
  0.550342130474746227264404296875000000           1.9323908207982485     
  0.551319647580385208129882812500000000          0.64779292397034327     
  0.552297164686024188995361328125000000         -0.72378369747741023     
  0.553274681791663169860839843750000000           1.0332461276838791     
  0.554252198897302150726318359375000000          -2.7129013337267542     
  0.555229716002941131591796875000000000           1.3763536762833417     
  0.556207233108580112457275390625000000           1.2130360719836166     
  0.557184750214219093322753906250000000          -1.0380429488444882     
  0.558162267319858074188232421875000000           1.2517789338501717     
  0.559139784425497055053710937500000000          -2.5430412222976191     
  0.560117301531136035919189453125000000          0.72808439135152547     
  0.561094818636775016784667968750000000           1.7413790328329817     
  0.562072335742413997650146484375000000          -1.2470848196364668     
  0.563049852848052978515625000000000000           1.3271538809319656     
  0.564027369953691959381103515625000000          -2.2239257225517131     
  0.565004887059330940246582031250000000           3.0804425378699322E-002
  0.565982404164969921112060546875000000           2.1898887519564108     
  0.566959921270608901977539062500000000          -1.3268503665971361     
  0.567937438376247882843017578125000000           1.2594590061594131     
  0.568914955481886863708496093750000000          -1.7842692212222901     
  0.569892472587525844573974609375000000         -0.66855232334063031     
  0.570869989693164825439453125000000000           2.5208019749799386     
  0.571847506798803806304931640625000000          -1.2641367710526688     
  0.572825023904442787170410156250000000           1.0608805072277840     
  0.573802541010081768035888671875000000          -1.2612324452185071     
  0.574780058115720748901367187500000000          -1.3228945703004129     
  0.575757575221359729766845703125000000           2.7045634169024173     
  0.576735092326998710632324218750000000          -1.0577812500609984     
  0.577712609432637691497802734375000000          0.75460062712274434     
  0.578690126538276672363281250000000000         -0.69743008676349783     
  0.579667643643915653228759765625000000          -1.8885410318651228     
  0.580645160749554634094238281250000000           2.7222353449560748     
  0.581622677855193614959716796875000000         -0.71887549013308094     
  0.582600194960832595825195312500000000          0.37281132354867175     
  0.583577712066471576690673828125000000         -0.13752902926972232     
  0.584555229172110557556152343750000000          -2.3285205986162896     
  0.585532746277749538421630859375000000           2.5670861969406036     
  0.586510263383388519287109375000000000         -0.26999116534745710     
  0.587487780489027500152587890625000000          -4.5995824311890747E-002
  0.588465297594666481018066406250000000          0.37529263756254760     
  0.589442814700305461883544921875000000          -2.6153468716774753     
  0.590420331805944442749023437500000000           2.2452305362533074     
  0.591397848911583423614501953125000000          0.25652414147507374     
  0.592375366017222404479980468750000000         -0.46024544353525026     
  0.593352883122861385345458984375000000          0.80274505498955862     
  0.594330400228500366210937500000000000          -2.7330501897310691     
  0.595307917334139347076416015625000000           1.7752674843524443     
  0.596285434439778327941894531250000000          0.82104720087531968     
  0.597262951545417308807373046875000000         -0.82874167659739406     
  0.598240468651056289672851562500000000           1.1144154181746524     
  0.599217985756695270538330078125000000          -2.6783089594822047     
  0.600195502862334251403808593750000000           1.1869438443986144     
  0.601173019967973232269287109375000000           1.3797786181813700     
  0.602150537073612213134765625000000000          -1.1141010364351669     
  0.603128054179251194000244140625000000           1.2901101353532178     
  0.604105571284890174865722656250000000          -2.4605932719168471     
  0.605083088390529155731201171875000000          0.51894517319886890     
  0.606060605496168136596679687500000000           1.8881966121130085     
  0.607038122601807117462158203125000000          -1.2858792939244215     
  0.608015639707446098327636718750000000           1.3213659890644822     
  0.608993156813085079193115234375000000          -2.1013118025840782     
  0.609970673918724060058593750000000000         -0.18401303083100964     
  0.610948191024363040924072265625000000           2.3045916139277161     
  0.611925708130002021789550781250000000          -1.3231412184343752     
  0.612903225235641002655029296875000000           1.2120122694450528     
  0.613880742341279983520507812500000000          -1.6320316762555080     
  0.614858259446918964385986328125000000         -0.87456653755108682     
  0.615835776552557945251464843750000000           2.5934013330192625     
  0.616813293658196926116943359375000000          -1.2162663074863371     
  0.617790810763835906982421875000000000          0.97774147688369473     
  0.618768327869474887847900390625000000          -1.0919140927452735     
  0.619745844975113868713378906250000000          -1.5062911632540512     
  0.620723362080752849578857421875000000           2.7280812891442077     
  0.621700879186391830444335937500000000         -0.96784442149722072     
  0.622678396292030811309814453125000000          0.64472513762220607     
  0.623655913397669792175292968750000000         -0.52457027160600889     
  0.624633430503308773040771484375000000          -2.0372178778410142     
  0.625610947608947753906250000000000000           2.6932821892623702     
  0.626588464714586734771728515625000000         -0.59258766075075642     
  0.627565981820225715637207031250000000          0.24738727466318017     
  0.628543498925864696502685546875000000           2.5412209897487190E-002
  0.629521016031503677368164062500000000          -2.4329988260360240     
  0.630498533137142658233642578125000000           2.4861600529344088     
  0.631476050242781639099121093750000000         -0.11626313652556025     
  0.632453567348420619964599609375000000         -0.17448490416927817     
  0.633431084454059600830078125000000000          0.51599693890877840     
  0.634408601559698581695556640625000000          -2.6694764444061834     
  0.635386118665337562561035156250000000           2.1167133495094741     
  0.636363635770976543426513671875000000          0.42627071923776566     
  0.637341152876615524291992187500000000         -0.57906081765943429     
  0.638318669982254505157470703125000000          0.91100050118945419     
  0.639296187087893486022949218750000000          -2.7344550386164648     
  0.640273704193532466888427734375000000           1.6071181906906127     
  0.641251221299171447753906250000000000          0.99377018255386174     
  0.642228738404810428619384765625000000         -0.92595029899345638     
  0.643206255510449409484863281250000000           1.1829074409560965     
  0.644183772616088390350341796875000000          -2.6285372156286608     
  0.645161289721727371215820312500000000          0.99011174275413749     
  0.646138806827366352081298828125000000           1.5418411916078603     
  0.647116323933005332946777343750000000          -1.1795717957967837     
  0.648093841038644313812255859375000000           1.3149762191253733     
  0.649071358144283294677734375000000000          -2.3649614497785896     
  0.650048875249922275543212890625000000          0.30654921653669071     
  0.651026392355561256408691406250000000           2.0264474233925540     
  0.652003909461200237274169921875000000          -1.3121346109085144     
  0.652981426566839218139648437500000000           1.3024706935440884     
  0.653958943672478199005126953125000000          -1.9684559466622258     
  0.654936460778117179870605468750000000         -0.39767489653668470     
  0.655913977883756160736083984375000000           2.4074135683488342     
  0.656891494989395141601562500000000000          -1.3059955091540312     
  0.657869012095034122467041015625000000           1.1529213865331889     
  0.658846529200673103332519531250000000          -1.4732016058660538     
  0.659824046306312084197998046875000000          -1.0751004218748208     
  0.660801563411951065063476562500000000           2.6516457899023242     
  0.661779080517590045928955078125000000          -1.1551997804210965     
  0.662756597623229026794433593750000000          0.88539809977020334     
  0.663734114728868007659912109375000000         -0.92006712398104162     
  0.664711631834506988525390625000000000          -1.6802977992468084     
  0.665689148940145969390869140625000000           2.7358133160397480     
  0.666666666045784950256347656250000000         -0.86608173354133755     
  0.667644183151423931121826171875000000          0.52885414802748920     
  0.668621700257062911987304687500000000         -0.35333656150012227     
  0.669599217362701892852783203125000000          -2.1733052466887384     
  0.670576734468340873718261718750000000           2.6482773872355927     
  0.671554251573979854583740234375000000         -0.45687444965921542     
  0.672531768679618835449218750000000000          0.11967636399023482     
  0.673509285785257816314697265625000000          0.18281051233187920     
  0.674486802890896797180175781250000000          -2.5226375377429182     
  0.675464319996535778045654296875000000           2.3901130358449283     
  0.676441837102174758911132812500000000           4.3642492903842589E-002
  0.677419354207813739776611328125000000         -0.30136178720992435     
  0.678396871313452720642089843750000000          0.64778702992473425     
  0.679374388419091701507568359375000000          -2.7076310039029621     
  0.680351905524730682373046875000000000           1.9751407069060607     
  0.681329422630369663238525390625000000          0.59835195914539674     
  0.682306939736008644104003906250000000         -0.69249916738709882     
  0.683284456841647624969482421875000000           1.0077783186234122     
  0.684261973947286605834960937500000000          -2.7199418401200597     
  0.685239491052925586700439453125000000           1.4289628848754410     
  0.686217008158564567565917968750000000           1.1646911663685224     
  0.687194525264203548431396484375000000          -1.0144651808202534     
  0.688172042369842529296875000000000000           1.2383624992353428     
  0.689149559475481510162353515625000000          -2.5640817014225643     
  0.690127076581120491027832031250000000          0.78707947519617716     
  0.691104593686759471893310546875000000           1.6979982749310858     
  0.692082110792398452758789062500000000          -1.2337581249332927     
  0.693059627898037433624267578125000000           1.3263648240780752     
  0.694037145003676414489746093750000000          -2.2569506321467250     
  0.695014662109315395355224609375000000           9.2228478825994373E-002
  0.695992179214954376220703125000000000           2.1550488652838551     
  0.696969696320593357086181640625000000          -1.3254604504440406     
  0.697947213426232337951660156250000000           1.2708005556910509     
  0.698924730531871318817138671875000000          -1.8264065411218446     
  0.699902247637510299682617187500000000         -0.60884027456919609     
  0.700879764743149280548095703125000000           2.4975019821430009     
  0.701857281848788261413574218750000000          -1.2753645376821550     
  0.702834798954427242279052734375000000           1.0828336506706131     
  0.703812316060066223144531250000000000          -1.3089864552798112     
  0.704789833165705204010009765625000000          -1.2689057540016475     
  0.705767350271344184875488281250000000           2.6949821282456514     
  0.706744867376983165740966796875000000          -1.0812374425058684     
  0.707722384482622146606445312500000000          0.78475690339190696     
  0.708699901588261127471923828125000000         -0.74696163029972384     
  0.709677418693900108337402343750000000          -1.8438532825837211     
  0.710654935799539089202880859375000000           2.7275519949813480     
  0.711632452905178070068359375000000000         -0.75312157387599532     
  0.712609970010817050933837890625000000          0.40807709891595112     
  0.713587487116456031799316406250000000         -0.18496097785108490     
  0.714565004222095012664794921875000000          -2.2960086689838559     
  0.715542521327733993530273437500000000           2.5873785821821276     
  0.716520038433372974395751953125000000         -0.31264499876112856     
  0.717497555539011955261230468750000000          -9.1400593591580946E-003
  0.718475072644650936126708984375000000          0.33356895990496949     
  0.719452589750289916992187500000000000          -2.5969678071090421     
  0.720430106855928897857666015625000000           2.2794588980189912     
  0.721407623961567878723144531250000000          0.20860606153417038     
  0.722385141067206859588623046875000000         -0.42545159565935553     
  0.723362658172845840454101562500000000          0.76978676532564094     
  0.724340175278484821319580078125000000          -2.7297005192762720     
  0.725317692384123802185058593750000000           1.8213456125090322     
  0.726295209489762783050537109375000000          0.77152523674210771     
  0.727272726595401763916015625000000000         -0.79948994690322850     
  0.728250243701040744781494140625000000           1.0924906737741535     
  0.729227760806679725646972656250000000          -2.6897647800926956     
  0.730205277912318706512451171875000000           1.2418919901467489     
  0.731182795017957687377929687500000000           1.3325425248253608     
  0.732160312123596668243408203125000000          -1.0934095963139017     
  0.733137829229235649108886718750000000           1.2805251627175287     
  0.734115346334874629974365234375000000          -2.4855377544213622     
  0.735092863440513610839843750000000000          0.57911289518702525     
  0.736070380546152591705322265625000000           1.8470578450610571     
  0.737047897651791572570800781250000000          -1.2760510462755985     
  0.738025414757430553436279296875000000           1.3243701211930055     
  0.739002931863069534301757812500000000          -2.1374477440669910     
  0.739980448968708515167236328125000000         -0.12267148961589916     
  0.740957966074347496032714843750000000           2.2729797946805874     
  0.741935483179986476898193359375000000          -1.3255680015377891     
  0.742913000285625457763671875000000000           1.2267883496155363     
  0.743890517391264438629150390625000000          -1.6762700121536378     
  0.744868034496903419494628906250000000         -0.81618589702494293     
  0.745845551602542400360107421875000000           2.5740889661801232     
  0.746823068708181381225585937500000000          -1.2313063295340128     
  0.747800585813820362091064453125000000           1.0024821871645191     
  0.748778102919459342956542968750000000          -1.1406232943328587     
  0.749755620025098323822021484375000000          -1.4547817813071964     
  0.750733137130737304687500000000000000           2.7229586256674878     
  0.751710654236376285552978515625000000         -0.99478288742691690     
  0.752688171342015266418457031250000000          0.67678897004885530     
  0.753665688447654247283935546875000000         -0.57386676469952180     
  0.754643205553293228149414062500000000          -1.9959700081471896     
  0.755620722658932209014892578125000000           2.7032001930330503     
  0.756598239764571189880371093750000000         -0.62968393192628724     
  0.757575756870210170745849609375000000          0.28352152542435344     
  0.758553273975849151611328125000000000          -2.0644317828415786E-002
  0.759530791081488132476806640625000000          -2.4046276234600112     
  0.760508308187127113342285156250000000           2.5108540647138931     
  0.761485825292766094207763671875000000         -0.16088087347878496     
  0.762463342398405075073242187500000000         -0.13787206910627833     
  0.763440859504044055938720703125000000          0.47664946860383112     
  0.764418376609683036804199218750000000          -2.6556276617080106     
  0.765395893715322017669677734375000000           2.1548136776590892     
  0.766373410820960998535156250000000000          0.37746059342517185     
  0.767350927926599979400634765625000000         -0.54560108016963504     
  0.768328445032238960266113281250000000          0.88120158515997593     
  0.769305962137877941131591796875000000          -2.7356865610885519     
  0.770283479243516921997070312500000000           1.6562469959959096     
  0.771260996349155902862548828125000000          0.94452967060958770     
  0.772238513454794883728027343750000000         -0.89901270893243013     
  0.773216030560433864593505859375000000           1.1646474174430153     
  0.774193547666072845458984375000000000          -2.6442855874084827     
  0.775171064771711826324462890625000000           1.0470587686261659     
  0.776148581877350807189941406250000000           1.4960690804306394     
  0.777126098982989788055419921875000000          -1.1619813672176171     
  0.778103616088628768920898437500000000           1.3092458697299114     
  0.779081133194267749786376953125000000          -2.3935958316370729     
  0.780058650299906730651855468750000000          0.36751268579538293     
  0.781036167405545711517333984375000000           1.9878702512644586     
  0.782013684511184692382812500000000000          -1.3059345917363059     
  0.782991201616823673248291015625000000           1.3091917881890680     
  0.783968718722462654113769531250000000          -2.0074150419393946     
  0.784946235828101634979248046875000000         -0.33680104762268781     
  0.785923752933740615844726562500000000           2.3792882027631954     
  0.786901270039379596710205078125000000          -1.3122724480493200     
  0.787878787145018577575683593750000000           1.1709634972542500     
  0.788856304250657558441162109375000000          -1.5192025456886245     
  0.789833821356296539306640625000000000          -1.0184154645420231     
  0.790811338461935520172119140625000000           2.6364972379264158     
  0.791788855567574501037597656250000000          -1.1739855190984361     
  0.792766372673213481903076171875000000          0.91268013873793141     
  0.793743889778852462768554687500000000         -0.96936963330215875     
  0.794721406884491443634033203125000000          -1.6315836655346465     
  0.795698923990130424499511718750000000           2.7352286354753041     
  0.796676441095769405364990234375000000         -0.89634033195042762     
  0.797653958201408386230468750000000000          0.56252234144652680     
  0.798631475307047367095947265625000000         -0.40204138268383066     
  0.799608992412686347961425781250000000          -2.1357408503451740     
  0.800586509518325328826904296875000000           2.6627721569210632     
  0.801564026623964309692382812500000000         -0.49657529094527125     
  0.802541543729603290557861328125000000          0.15634429169570577     
  0.803519060835242271423339843750000000          0.13845263795570156     
  0.804496577940881252288818359375000000          -2.4985603320634646     
  0.805474095046520233154296875000000000           2.4190811261686478     
  0.806451612152159214019775390625000000          -2.6289657069663015E-003
  0.807429129257798194885253906250000000         -0.26533039387256147     
  0.808406646363437175750732421875000000          0.61108031847331901     
  0.809384163469076156616210937500000000          -2.6983644118058017     
  0.810361680574715137481689453125000000           2.0168915195868182     
  0.811339197680354118347167968750000000          0.54900032461737391     
  0.812316714785993099212646484375000000         -0.66068757765293828     
  0.813294231891632080078125000000000000          0.98132418807870359     
  0.814271748997271060943603515625000000          -2.7257019855030284     
  0.815249266102910041809082031250000000           1.4808433247689532     
  0.816226783208549022674560546875000000           1.1160954041585947     
  0.817204300314188003540039062500000000         -0.99010506939810983     
  0.818181817419826984405517578125000000           1.2238594554086499     
  0.819159334525465965270996093750000000          -2.5839706048372109     
  0.820136851631104946136474609375000000          0.84567122333566247     
  0.821114368736743927001953125000000000           1.6540374074646653     
  0.822091885842382907867431640625000000          -1.2194591943142266     
  0.823069402948021888732910156250000000           1.3244817329701626     
  0.824046920053660869598388671875000000          -2.2890362044702157     
  0.825024437159299850463867187500000000          0.15360518535160242     
  0.826001954264938831329345703125000000           2.1193367988113634     
  0.826979471370577812194824218750000000          -1.3229899910622038     
  0.827956988476216793060302734375000000           1.2811331923975351     
  0.828934505581855773925781250000000000          -1.8678828571957247     
  0.829912022687494754791259765625000000         -0.54881599506327372     
  0.830889539793133735656738281250000000           2.4730983981318291     
  0.831867056898772716522216796875000000          -1.2854946743119726     
  0.832844574004411697387695312500000000           1.1039477792247374     
  0.833822091110050678253173828125000000          -1.3564014580930714     
  0.834799608215689659118652343750000000          -1.2142687886328607     
  0.835777125321328639984130859375000000           2.6841453315430819     
  0.836754642426967620849609375000000000          -1.1036724305500660     
  0.837732159532606601715087890625000000          0.81431425193423257     
  0.838709676638245582580566406250000000         -0.79649410657288577     
  0.839687193743884563446044921875000000          -1.7982305192827803     
  0.840664710849523544311523437500000000           2.7315534065313400     
  0.841642227955162525177001953125000000         -0.78651113911476322     
  0.842619745060801506042480468750000000          0.44303399723171533     
  0.843597262166440486907958984375000000         -0.23272477811179784     
  0.844574779272079467773437500000000000          -2.2623454648844730     
  0.845552296377718448638916015625000000           2.6063937139508462     
  0.846529813483357429504394531250000000         -0.35468286424666140     
  0.847507330588996410369873046875000000           2.7722606016696360E-002
  0.848484847694635391235351562500000000          0.29121760356969834     
  0.849462364800274372100830078125000000          -2.5773078352623142     
  0.850439881905913352966308593750000000           2.3125436185843080     
  0.851417399011552333831787109375000000          0.16100610375301574     
  0.852394916117191314697265625000000000         -0.39033564435097745     
  0.853372433222830295562744140625000000          0.73596317541179679     
  0.854349950328469276428222656250000000          -2.7250361834115280     
  0.855327467434108257293701171875000000           1.8664997808658954     
  0.856304984539747238159179687500000000          0.72198953479063332     
  0.857282501645386219024658203125000000         -0.76962774040212967     
  0.858260018751025199890136718750000000           1.0695395431546375     
  0.859237535856664180755615234375000000          -2.6999698101303049     
  0.860215052962303161621093750000000000           1.2962056357459879     
  0.861192570067942142486572265625000000           1.2849529726268181     
  0.862170087173581123352050781250000000          -1.0718702377412666     
  0.863147604279220104217529296875000000           1.2698413571117091     
  0.864125121384859085083007812500000000          -2.5093871025722647     
  0.865102638490498065948486328125000000          0.63898360058136372     
  0.866080155596137046813964843750000000           1.8052449918938867     
  0.867057672701776027679443359375000000          -1.2652083835364185     
  0.868035189807415008544921875000000000           1.3262965434785763     
  0.869012706913053989410400390625000000          -2.1727230069975576     
  0.869990224018692970275878906250000000          -6.1266974251696034E-002
  0.870967741124331951141357421875000000           2.2404179745673236     
  0.871945258229970932006835937500000000          -1.3268991318432102     
  0.872922775335609912872314453125000000           1.2405987959030957     
  0.873900292441248893737792968750000000          -1.7199418549675265     
  0.874877809546887874603271484375000000         -0.75738706498829467     
  0.875855326652526855468750000000000000           2.5536176437176303     
  0.876832843758165836334228515625000000          -1.2452621774428696     
  0.877810360863804817199707031250000000           1.0264503538859153     
  0.878787877969443798065185546875000000          -1.1890962815922277     
  0.879765395075082778930664062500000000          -1.4025306703286045     
  0.880742912180721759796142578125000000           2.7165521165578705     
  0.881720429286360740661621093750000000          -1.0207413636308387     
  0.882697946391999721527099609375000000          0.70833791270819146     
  0.883675463497638702392578125000000000         -0.62326709302389838     
  0.884652980603277683258056640625000000          -1.9537129757018969     
  0.885630497708916664123535156250000000           2.7118041209832109     
  0.886608014814555644989013671875000000         -0.66598960780180416     
  0.887585531920194625854492187500000000          0.31944146750880098     
  0.888563049025833606719970703125000000          -6.7127582399683972E-002
  0.889540566131472587585449218750000000          -2.3750559575478261     
  0.890518083237111568450927734375000000           2.5343016618004977     
  0.891495600342750549316406250000000000         -0.20496821781077199     
  0.892473117448389530181884765625000000         -0.10115511616019769     
  0.893450634554028511047363281250000000          0.43659488922755069     
  0.894428151659667491912841796875000000          -2.6404773181849572     
  0.895405668765306472778320312500000000           2.1918287386133293     
  0.896383185870945453643798828125000000          0.32887002739645010     
  0.897360702976584434509277343750000000         -0.51172746659119617     
  0.898338220082223415374755859375000000          0.85047955323048041     
  0.899315737187862396240234375000000000          -2.7356126451781724     
  0.900293254293501377105712890625000000           1.7045334567413757     
  0.901270771399140357971191406250000000          0.89517161895549724     
  0.902248288504779338836669921875000000         -0.87138597119946393     
  0.903225805610418319702148437500000000           1.1453292036170934     
  0.904203322716057300567626953125000000          -2.6588212904172051     
  0.905180839821696281433105468750000000           1.1034700375585740     
  0.906158356927335262298583984375000000           1.4498426861021720     
  0.907135874032974243164062500000000000          -1.1434840564844686     
  0.908113391138613224029541015625000000           1.3024131835827524     
  0.909090908244252204895019531250000000          -2.4211988620972087     
  0.910068425349891185760498046875000000          0.42828755469792062     
  0.911045942455530166625976562500000000           1.9485291816556778     
  0.912023459561169147491455078125000000          -1.2986859236133486     
  0.913000976666808128356933593750000000           1.3148599733831015     
  0.913978493772447109222412109375000000          -2.0455976819336601     
  0.914956010878086090087890625000000000         -0.27575434825288864     
  0.915933527983725070953369140625000000           2.3501412535556176     
  0.916911045089364051818847656250000000          -1.3174472649368085     
  0.917888562195003032684326171875000000           1.1880908027764145     
  0.918866079300642013549804687500000000          -1.5647348651802508     
  0.919843596406280994415283203125000000         -0.96120930671724947     
  0.920821113511919975280761718750000000           2.6201421981263349     
  0.921798630617558956146240234375000000          -1.1917091789954686     
  0.922776147723197937011718750000000000          0.93926212212217830     
  0.923753664828836917877197265625000000          -1.0185396304153873     
  0.924731181934475898742675781250000000          -1.5820394503331427     
  0.925708699040114879608154296875000000           2.7333405913115194     
  0.926686216145753860473632812500000000         -0.92566809644329484     
  0.927663733251392841339111328125000000          0.59576368342358255     
  0.928641250357031822204589843750000000         -0.45095134244549828     
  0.929618767462670803070068359375000000          -2.0971002362375351     
  0.930596284568309783935546875000000000           2.6759631342977035     
  0.931573801673948764801025390625000000         -0.53555805936654144     
  0.932551318779587745666503906250000000          0.19289414210346878     
  0.933528835885226726531982421875000000           9.3577105787549214E-002
  0.934506352990865707397460937500000000          -2.4732418788154256     
  0.935483870096504688262939453125000000           2.4468423511086459     
  0.936461387202143669128417968750000000          -4.8460326055348786E-002
  0.937438904307782649993896484375000000         -0.22909847298857500     
  0.938416421413421630859375000000000000          0.57359306645225139     
  0.939393938519060611724853515625000000          -2.6877846636782814     
  0.940371455624699592590332031250000000           2.0576230584764414     
  0.941348972730338573455810546875000000          0.49976723865513534     
  0.942326489835977554321289062500000000         -0.62837355295635033     
  0.943304006941616535186767578125000000          0.95389666855458277     
  0.944281524047255516052246093750000000          -2.7301749243763385     
  0.945259041152894496917724609375000000           1.5319689673569439     
  0.946236558258533477783203125000000000           1.0672783322580055     
  0.947214075364172458648681640625000000         -0.96498250129340313     
  0.948191592469811439514160156250000000           1.2082748910550867     
  0.949169109575450420379638671875000000          -2.6026932113004979     
  0.950146626681089401245117187500000000          0.90382973778801512     
  0.951124143786728382110595703125000000           1.6095239592372397     
  0.952101660892367362976074218750000000          -1.2042014972638928     
  0.953079177998006343841552734375000000           1.3215015216267667     
  0.954056695103645324707031250000000000          -2.3201610634357523     
  0.955034212209284305572509765625000000          0.21490303963596041     
  0.956011729314923286437988281250000000           2.0827758610644276     
  0.956989246420562267303466796875000000          -1.3194448770193197     
  0.957966763526201248168945312500000000           1.2904459839101652     
  0.958944280631840229034423828125000000          -1.9086718730046002     
  0.959921797737479209899902343750000000         -0.48851020947111751     
  0.960899314843118190765380859375000000           2.4476084285768098     
  0.961876831948757171630859375000000000          -1.2945249346624481     
  0.962854349054396152496337890625000000           1.1242050738439819     
  0.963831866160035133361816406250000000          -1.4034483466348391     
  0.964809383265674114227294921875000000          -1.1590112913479080     
  0.965786900371313095092773437500000000           2.6720627164365265     
  0.966764417476952075958251953125000000          -1.1250759345479038     
  0.967741934582591056823730468750000000          0.84324948021868085     
  0.968719451688230037689208984375000000         -0.84599791524033419     
  0.969696968793869018554687500000000000          -1.7516951683044444     
  0.970674485899507999420166015625000000           2.7342409227097395     
  0.971652003005146980285644531250000000         -0.81902662321079966     
  0.972629520110785961151123046875000000          0.47765539717290795     
  0.973607037216424942016601562500000000         -0.28079267722406864     
  0.974584554322063922882080078125000000          -2.2275465451064917     
  0.975562071427702903747558593750000000           2.6241244079028769     
  0.976539588533341884613037109375000000         -0.39608125722795801     
  0.977517105638980865478515625000000000           6.4564341588295437E-002
  0.978494622744619846343994140625000000          0.24826229495259342     
  0.979472139850258827209472656250000000          -2.5563745081360305     
  0.980449656955897808074951171875000000           2.3444694707157003     
  0.981427174061536788940429687500000000          0.11375188821663865     
  0.982404691167175769805908203125000000         -0.35492431185165169     
  0.983382208272814750671386718750000000          0.70129214055190747     
  0.984359725378453731536865234375000000          -2.7190562140674404     
  0.985337242484092712402343750000000000           1.9107078325987428     
  0.986314759589731693267822265625000000          0.67246966289195986     
  0.987292276695370674133300781250000000         -0.73917844336393168     
  0.988269793801009654998779296875000000           1.0455726456623007     
  0.989247310906648635864257812500000000          -2.7089147131312989     
  0.990224828012287616729736328125000000           1.3498573504198235     
  0.991202345117926597595214843750000000           1.2370391396647409     
  0.992179862223565578460693359375000000          -1.0495010507702534     
  0.993157379329204559326171875000000000           1.2580613240619893     
  0.994134896434843540191650390625000000          -2.5321244146185595     
  0.995112413540482521057128906250000000          0.69852665336825770     
  0.996089930646121501922607421875000000           1.7627845186795079     
  0.997067447751760482788085937500000000          -1.2533625645809752     
  0.998044964857399463653564453125000000           1.3271397171688120     
  0.999022481963038444519042968750000000          -2.2071145139464439     
  0.999999999068677425384521484375000000           1.6899388741814766E-004
   1.00097751617431640625000000000000000           2.2069277850914633     
