              1    0.0097826448
              2    0.1510867726
              3    0.7849265309
              4    0.4977408339
              5    0.5816234555
              6    0.2775764992
              7    0.1154173286
              8    0.7569861657
              9    0.7671593507
             10    1.0322889685
             11    0.4908218031
             12    0.6364495617
             13    0.9577007600
             14    0.1709975056
             15    0.1995642753
             16    0.6854659080
             17    0.8365633807
             18    0.1827446397
             19    0.5680777687
             20    0.2611024697
             21    0.6213258631
             22    0.9001725383
             23    0.8119162267
             24    1.1628943268
             25    1.0881209401
             26    0.7783557717
             27    0.3528408229
             28    0.9242189095
             29    0.6956975777
             30    0.9902603863
             31    1.2087345630
             32    1.0699271507
             33    0.5794679907
             34    0.3737351995
             35    1.0715771699
             36    0.6729219720
             37    0.9864857396
             38    1.1193833432
             39    1.3631013660
             40    0.7464580237
             41    0.6371773464
             42    1.3816704157
             43    1.1307242037
             44    1.1703242794
             45    1.0773516774
             46    0.5073431560
             47    1.0750747216
             48    1.3368871833
             49    0.7335870484
             50    0.9059415369
             51    1.2446329963
             52    0.9644323516
             53    0.7329909147
             54    0.7785917541
             55    0.8713704169
             56    0.6869840861
             57    1.0153160522
             58    1.4347263161
             59    1.4544981068
             60    0.6140221565
             61    1.4662258941
             62    1.0741569069
             63    1.0939328176
             64    0.9046255272
             65    1.5801302072
             66    1.0953039103
             67    0.8752531281
             68    0.7075649982
             69    1.5722607362
             70    0.7058503632
             71    1.1403525295
             72    1.0312707409
             73    0.9316319121
             74    1.5757264106
             75    1.1989518259
             76    1.1408817978
             77    1.6245829190
             78    0.7407887480
             79    1.4592547327
             80    1.4749140920
             81    1.5394284144
             82    0.8438101382
             83    0.7410773710
             84    1.4203607264
             85    1.6067784401
             86    1.3746299297
             87    1.4877950600
             88    1.4833947459
             89    1.7637804693
             90    1.6591613565
             91    1.0099773204
             92    1.0892230026
             93    1.1399605533
             94    1.3081876342
             95    1.3919204618
             96    1.6526044720
             97    1.2244430200
             98    1.6595343083
             99    1.0929242782
            100    1.2445063285
            101    1.3718411399
            102    1.3078001080
            103    1.1323604727
            104    1.0286605783
            105    1.0091563465
            106    1.4321129280
            107    1.6678031945
            108    0.9033080110
            109    1.4094778105
            110    1.3781980847
            111    1.8396846028
            112    1.6371378465
            113    1.4478657049
            114    1.7883703728
            115    1.5267475476
            116    1.7481172613
            117    1.0699376964
            118    1.1269273570
            119    1.6328040360
            120    1.0523519814
            121    1.0166576533
            122    1.2039094951
            123    0.9358861702
            124    1.3506557755
            125    0.9666255621
            126    1.6528657364
            127    1.8841501055
            128    1.1892798043
            129    1.1332905934
            130    1.2728688234
            131    1.8451632142
            132    1.6129830091
            133    1.1139191640
            134    1.6474983547
            135    1.3544423721
            136    1.3587357934
            137    1.4730417077
            138    1.1230309966
            139    1.5647886077
            140    1.8251881669
            141    1.5716379484
            142    1.9387615350
            143    1.5412278370
            144    1.1348684076
            145    1.9715627828
            146    1.3984706777
            147    1.1328756799
            148    1.5572115515
            149    1.2456015550
            150    1.4830571093
            151    1.4595455061
            152    1.9574872880
            153    1.1232048597
            154    1.1976179751
            155    1.3177018568
            156    1.6282172955
            157    1.1260607491
            158    1.6509073675
            159    1.6214971555
            160    1.8030500201
            161    1.2478370779
            162    1.4763499274
            163    1.3890595479
            164    1.2027275450
            165    1.0274887843
            166    1.9003277443
            167    1.4245970155
            168    1.1394707308
            169    1.9441911150
            170    1.4061768147
            171    1.1261166060
            172    1.8795456851
            173    1.0849452618
            174    1.1537496175
            175    1.0612992351
            176    1.3541645413
            177    1.2403785174
            178    1.1208316573
            179    1.7671825345
            180    1.4375497018
            181    1.3298856004
            182    1.4306870969
            183    1.7852634469
            184    1.9058318927
            185    1.6235491332
            186    1.1848042959
            187    1.6467081532
            188    1.8735053992
            189    1.2120845797
            190    1.8201023766
            191    1.4276968746
            192    1.4594908776
            193    1.5509381254
            194    1.7650245623
            195    1.7001346247
            196    1.4032737921
            197    1.8890443223
            198    1.5669738373
            199    1.3700343819
            200    1.7517816390
            201    1.6123567169
            202    1.6217857953
            203    1.9028400235
            204    1.8661373624
            205    1.7589328018
            206    1.1928335657
            207    1.4367106426
            208    1.4094015072
            209    0.9939970682
            210    1.3001028204
            211    1.4582173635
            212    1.7534089312
            213    1.3121401898
            214    1.5970244597
            215    1.7316328824
            216    1.5730213527
            217    1.6530273338
            218    1.5536889977
            219    1.5836349192
            220    0.8556967140
            221    1.7172405079
            222    1.3507225944
            223    1.2835048895
            224    0.8797444085
            225    1.5222637263
            226    1.2919979129
            227    1.4648702966
            228    1.4733009760
            229    0.9847914915
            230    1.6957804919
            231    1.6388646705
            232    1.6567620255
            233    1.3043799981
            234    0.8932423904
            235    1.1979383974
            236    1.7304255661
            237    0.9499962170
            238    1.1738187395
            239    1.0367893339
            240    1.2289091782
            241    1.5888782636
            242    1.1401564432
            243    1.1609526363
            244    1.4929942926
            245    1.0443605203
            246    0.8835146122
            247    1.6638412271
            248    0.8109945174
            249    1.2804810320
            250    1.2588835660
            251    0.6356073677
            252    0.6283097681
            253    1.3931413557
            254    1.3394236920
            255    0.9235068858
            256    1.0142361876
            257    1.2711327319
            258    1.2612701396
            259    0.7779843676
            260    1.4011020573
            261    1.2655083343
            262    1.3771482242
            263    0.6347890230
            264    0.6137262474
            265    1.2876910115
            266    1.1449055156
            267    0.7207842999
            268    0.7120287401
            269    0.5710448579
            270    0.8702626456
            271    1.4250086566
            272    1.4117582829
            273    0.8453865697
            274    0.7160240556
            275    1.1302120156
            276    0.7132698147
            277    1.1972513360
            278    1.1953611890
            279    0.8250270954
            280    0.6757560575
            281    0.5785628503
            282    0.3868700222
            283    0.5583002500
            284    1.3405996766
            285    0.5922715606
            286    1.1587636011
            287    0.4662801646
            288    0.7187250911
            289    0.9123172301
            290    0.4788833439
            291    1.1210245622
            292    0.4410400367
            293    1.2618578984
            294    0.5216752265
            295    0.4886663769
            296    0.3472406777
            297    0.4555263888
            298    0.8613232889
            299    0.9130817552
            300    1.0022919658
            301    0.8941928801
            302    0.9412992030
            303    0.8482705975
            304    0.8025536224
            305    0.2159221640
            306    0.7480405823
            307    0.3671598364
            308    0.4492447769
            309    0.8206036258
            310    0.2284969268
            311    0.8639108103
            312    0.6177337039
            313    0.6357835788
            314    0.6601151126
            315    0.3920396329
            316    0.7556036343
            317    0.1858954916
            318    0.1947698328
            319    0.5086360729
            320    0.8737631795
            321    0.8170282977
            322    0.5508232611
            323    0.7232095639
            324    0.2904471525
            325    0.1000015222
            326    0.4834504306
            327    0.2558780765
            328    0.5235006312
            329    0.4437136748
            330    0.3467333547
            331    0.1649920614
            332    0.2666481121
            333    0.2797220076
            334    0.3238636097
            335    0.3431990216
            336    0.2454518810
            337    0.1272448651
            338    0.0834390106
            339    0.1984012148
            340    0.0729592474
            341    0.4812159643
            342    0.4760821343
            343    0.3042138992
            344    0.5093381406
            345    0.4919710889
            346    0.7064512511
            347    0.2129137079
            348    0.6829210834
            349    0.0548843250
            350    0.1843500934
            351    0.2316793854
            352    0.3665350963
            353    0.0976859632
            354    0.2921954459
            355    0.6637909533
            356    0.1815545774
            357    0.3289451139
            358    0.0065080091
            359    0.1822458408
            360    0.1542388326
            361    0.4516006375
            362    0.3717206674
            363    0.1214578997
            364    0.2383528585
            365    0.1325908222
            366    0.4954218446
            367    0.1646524113
            368    0.5300222595
            369    0.2020879740
            370    0.3864406584
            371    0.2278189580
            372    0.0190786888
            373    0.3336910472
            374    0.4698605658
            375    0.3396822534
            376    0.1980799066
            377    0.1905656499
            378    0.0889631514
            379    0.0485287616
            380    0.2095778542
            381    0.4412127402
            382    0.1372234933
            383    0.2870257974
            384    0.1792972348
            385    0.4113595623
            386    0.5862018478
            387    0.1026255631
            388    0.5262036496
            389    0.4507852588
            390    0.2817476437
            391    0.1538107533
            392    0.1099302791
            393    0.2078301534
            394    0.6453593951
            395    0.0742967017
            396    0.1479254404
            397    0.6068104503
            398    0.1368295533
            399    0.2982476032
            400    0.4792143725
            401    0.3162655465
            402    0.0821012431
            403    0.0567691710
            404    0.0132941873
            405    0.1906752481
            406    0.4557005754
            407    0.0733603079
            408    0.3771736099
            409    0.0694217151
            410    0.4517221394
            411    0.7588383734
            412    0.6706101419
            413    0.2595950151
            414    0.0107477163
            415    0.5719405900
            416    0.7432688599
            417    0.7337585349
            418    0.6498884630
            419    0.0920900120
            420    0.5244451176
            421    0.7763997974
            422    0.3546540385
            423    0.3806730024
            424    0.3231427560
            425    0.4018573051
            426    0.7031701686
            427    0.5725925306
            428    0.0298239587
            429    0.1727574544
            430    0.2954244089
            431    0.1967583460
            432    0.5513861184
            433    0.8296399055
            434    0.0952986695
            435    0.3535753527
            436    0.8986095279
            437    0.0482866168
            438    0.8792499224
            439    0.5350940306
            440    0.4269446923
            441    0.3442879380
            442    0.1852786109
            443    0.2485933177
            444    0.3952582316
            445    0.8994476989
            446    0.8159494967
            447    0.0315677451
            448    0.7567536531
            449    0.5968617725
            450    0.3371154201
            451    0.3465991383
            452    0.8311563305
            453    0.4070141100
            454    0.0085429667
            455    0.6082498814
            456    0.1295841216
            457    0.0041478489
            458    0.7134161768
            459    0.7231357711
            460    0.5524674811
            461    0.1658018570
            462    0.0828885831
            463    0.7380760560
            464    0.2238101868
            465    0.2912423685
            466    0.5358247502
            467    0.7255384719
            468    0.3250435597
            469    0.8752694368
            470    0.7834768743
            471    0.8804674831
            472    0.4481773265
            473    0.9899866065
            474    0.8209103135
            475    0.3982485555
            476    0.5663277593
            477    0.9162621477
            478    0.3117913986
            479    0.6242376253
            480    0.1635873864
            481    0.8763073427
            482    0.0266537189
            483    0.9703241414
            484    0.9194703799
            485    0.5053473589
            486    0.2298276400
            487    0.0648121943
            488    0.7481693713
            489    0.6380535173
            490    0.2278886297
            491    0.4962435685
            492    0.2460480503
            493    0.3224020872
            494    0.3115505955
            495    0.2352620110
            496    0.9543858272
            497    0.7588079258
            498    0.7662442735
            499    0.4237470125
            500    0.3320705532
            501    0.3663311638
            502    0.6096309994
            503    0.7543571018
            504    0.7434346327
            505    0.3219890800
            506    0.8068546196
            507    0.2263663197
            508    0.8083085578
            509    0.9179309591
            510    0.3009868121
            511    0.8353545531
            512    0.0083694051
            513    0.4704816243
