   9.77517105638980865478515625000000000E-0003    0.52594617422526801     
   1.95503421127796173095703125000000000E-0002    0.52986379915191173     
   2.93255131691694259643554687500000000E-0002    0.53390012999850289     
   3.91006842255592346191406250000000000E-0002    0.53805418549754180     
   4.88758552819490432739257812500000000E-0002    0.54232495549386428     
   5.86510263383388519287109375000000000E-0002    0.54671140120040707     
   6.84261973947286605834960937500000000E-0002    0.55121245546123399     
   7.82013684511184692382812500000000000E-0002    0.55582702302174680     
   8.79765395075082778930664062500000000E-0002    0.56055398080600505     
   9.77517105638980865478515625000000000E-0002    0.56539217820107690     
  0.107526881620287895202636718750000000          0.57034043734833717     
  0.117302052676677703857421875000000000          0.57539755344163479     
  0.127077223733067512512207031250000000          0.58056229503223888     
  0.136852394789457321166992187500000000          0.58583340434048270     
  0.146627565845847129821777343750000000          0.59120959757401415     
  0.156402736902236938476562500000000000          0.59668956525256078     
  0.166177907958626747131347656250000000          0.60227197253912201     
  0.175953079015016555786132812500000000          0.60795545957749064     
  0.185728250071406364440917968750000000          0.61373864183600879     
  0.195503421127796173095703125000000000          0.61962011045746157     
  0.205278592184185981750488281250000000          0.62559843261500903     
  0.215053763240575790405273437500000000          0.63167215187405523     
  0.224828934296965599060058593750000000          0.63783978855995183     
  0.234604105353355407714843750000000000          0.64409984013143340     
  0.244379276409745216369628906250000000          0.65045078155967517     
  0.254154447466135025024414062500000000          0.65689106571287137     
  0.263929618522524833679199218750000000          0.66341912374622125     
  0.273704789578914642333984375000000000          0.67003336549721138     
  0.283479960635304450988769531250000000          0.67673217988608836     
  0.293255131691694259643554687500000000          0.68351393532140337     
  0.303030302748084068298339843750000000          0.69037698011051518     
  0.312805473804473876953125000000000000          0.69731964287493653     
  0.322580644860863685607910156250000000          0.70434023297040671     
  0.332355815917253494262695312500000000          0.71143704091157223     
  0.342130986973643302917480468750000000          0.71860833880115349     
  0.351906158030033111572265625000000000          0.72585238076347791     
  0.361681329086422920227050781250000000          0.73316740338226061     
  0.371456500142812728881835937500000000          0.74055162614250170     
  0.381231671199202537536621093750000000          0.74800325187638461     
  0.391006842255592346191406250000000000          0.75552046721304356     
  0.400782013311982154846191406250000000          0.76310144303207550     
  0.410557184368371963500976562500000000          0.77074433492067218     
  0.420332355424761772155761718750000000          0.77844728363423965     
  0.430107526481151580810546875000000000          0.78620841556037735     
  0.439882697537541389465332031250000000          0.79402584318608915     
  0.449657868593931198120117187500000000          0.80189766556809094     
  0.459433039650321006774902343750000000          0.80982196880608792     
  0.469208210706710815429687500000000000          0.81779682651888408     
  0.478983381763100624084472656250000000          0.82582030032319576     
  0.488758552819490432739257812500000000          0.83389044031503201     
  0.498533723875880241394042968750000000          0.84200528555350851     
  0.508308894932270050048828125000000000          0.85016286454695922     
  0.518084065988659858703613281250000000          0.85836119574121328     
  0.527859237045049667358398437500000000          0.86659828800989525     
  0.537634408101439476013183593750000000          0.87487214114662026     
  0.547409579157829284667968750000000000          0.88318074635893784     
  0.557184750214219093322753906250000000          0.89152208676389622     
  0.566959921270608901977539062500000000          0.89989413788508299     
  0.576735092326998710632324218750000000          0.90829486815100724     
  0.586510263383388519287109375000000000          0.91672223939468489     
  0.596285434439778327941894531250000000          0.92517420735428846     
  0.606060605496168136596679687500000000          0.93364872217472050     
  0.615835776552557945251464843750000000          0.94214372890997977     
  0.625610947608947753906250000000000000          0.95065716802616973     
  0.635386118665337562561035156250000000          0.95918697590502178     
  0.645161289721727371215820312500000000          0.96773108534778851     
  0.654936460778117179870605468750000000          0.97628742607936880     
  0.664711631834506988525390625000000000          0.98485392525252879     
  0.674486802890896797180175781250000000          0.99342850795207693     
  0.684261973947286605834960937500000000           1.0020090976988587     
  0.694037145003676414489746093750000000           1.0105936169534295     
  0.703812316060066223144531250000000000           1.0191799876192702     
  0.713587487116456031799316406250000000           1.0277661315454063     
  0.723362658172845840454101562500000000           1.0363499710282951     
  0.733137829229235649108886718750000000           1.0449294293128455     
  0.742913000285625457763671875000000000           1.0535024310924281     
  0.752688171342015266418457031250000000           1.0620669030077479     
  0.762463342398405075073242187500000000           1.0706207741444378     
  0.772238513454794883728027343750000000           1.0791619765292420     
  0.782013684511184692382812500000000000           1.0876884456246547     
  0.791788855567574501037597656250000000           1.0961981208218767     
  0.801564026623964309692382812500000000           1.1046889459319633     
  0.811339197680354118347167968750000000           1.1131588696750279     
  0.821114368736743927001953125000000000           1.1216058461673668     
  0.830889539793133735656738281250000000           1.1300278354063833     
  0.840664710849523544311523437500000000           1.1384228037531707     
  0.850439881905913352966308593750000000           1.1467887244126365     
  0.860215052962303161621093750000000000           1.1551235779110258     
  0.869990224018692970275878906250000000           1.1634253525707348     
  0.879765395075082778930664062500000000           1.1716920449822699     
  0.889540566131472587585449218750000000           1.1799216604732417     
  0.899315737187862396240234375000000000           1.1881122135742603     
  0.909090908244252204895019531250000000           1.1962617284816162     
  0.918866079300642013549804687500000000           1.2043682395166189     
  0.928641250357031822204589843750000000           1.2124297915814763     
  0.938416421413421630859375000000000000           1.2204444406115955     
  0.948191592469811439514160156250000000           1.2284102540241841     
  0.957966763526201248168945312500000000           1.2363253111630383     
  0.967741934582591056823730468750000000           1.2441877037394002     
  0.977517105638980865478515625000000000           1.2519955362687700     
  0.987292276695370674133300781250000000           1.2597469265035612     
  0.997067447751760482788085937500000000           1.2674400058614879     
   1.00684261880815029144287109375000000           1.2750729198495701     
   1.01661778986454010009765625000000000           1.2826438284836552     
   1.02639296092092990875244140625000000           1.2901509067033416     
   1.03616813197731971740722656250000000           1.2975923447822040     
   1.04594330303370952606201171875000000           1.3049663487332137     
   1.05571847409009933471679687500000000           1.3122711407092513     
   1.06549364514648914337158203125000000           1.3195049593986137     
   1.07526881620287895202636718750000000           1.3266660604154139     
   1.08504398725926876068115234375000000           1.3337527166847742     
   1.09481915831565856933593750000000000           1.3407632188227236     
   1.10459432937204837799072265625000000           1.3476958755106989     
   1.11436950042843818664550781250000000           1.3545490138645575     
   1.12414467148482799530029296875000000           1.3613209797980208     
   1.13391984254121780395507812500000000           1.3680101383804408     
   1.14369501359760761260986328125000000           1.3746148741888260     
   1.15347018465399742126464843750000000           1.3811335916540224     
   1.16324535571038722991943359375000000           1.3875647154009765     
   1.17302052676677703857421875000000000           1.3939066905829969     
   1.18279569782316684722900390625000000           1.4001579832099358     
   1.19257086887955665588378906250000000           1.4063170804702099     
   1.20234603993594646453857421875000000           1.4123824910465888     
   1.21212121099233627319335937500000000           1.4183527454256772     
   1.22189638204872608184814453125000000           1.4242263962010187     
   1.23167155310511589050292968750000000           1.4300020183697493     
   1.24144672416150569915771484375000000           1.4356782096227398     
   1.25122189521789550781250000000000000           1.4412535906281543     
   1.26099706627428531646728515625000000           1.4467268053083675     
   1.27077223733067512512207031250000000           1.4520965211101773     
   1.28054740838706493377685546875000000           1.4573614292682529     
   1.29032257944345474243164062500000000           1.4625202450617625     
   1.30009775049984455108642578125000000           1.4675717080641277     
   1.30987292155623435974121093750000000           1.4725145823858508     
   1.31964809261262416839599609375000000           1.4773476569103594     
   1.32942326366901397705078125000000000           1.4820697455228315     
   1.33919843472540378570556640625000000           1.4866796873319448     
   1.34897360578179359436035156250000000           1.4911763468845098     
   1.35874877683818340301513671875000000           1.4955586143729491     
   1.36852394789457321166992187500000000           1.4998254058355749     
   1.37829911895096302032470703125000000           1.5039756633496377     
   1.38807429000735282897949218750000000           1.5080083552171026     
   1.39784946106374263763427734375000000           1.5119224761431262     
   1.40762463212013244628906250000000000           1.5157170474072010     
   1.41739980317652225494384765625000000           1.5193911170269403     
   1.42717497423291206359863281250000000           1.5229437599144757     
   1.43695014528930187225341796875000000           1.5263740780254502     
   1.44672531634569168090820312500000000           1.5296812005005718     
   1.45650048740208148956298828125000000           1.5328642837997282     
   1.46627565845847129821777343750000000           1.5359225118286253     
   1.47605082951486110687255859375000000           1.5388550960579501     
   1.48582600057125091552734375000000000           1.5416612756350387     
   1.49560117162764072418212890625000000           1.5443403174880426     
   1.50537634268403053283691406250000000           1.5468915164225794     
   1.51515151374042034149169921875000000           1.5493141952108744     
   1.52492668479681015014648437500000000           1.5516077046733741     
   1.53470185585319995880126953125000000           1.5537714237528486     
   1.54447702690958976745605468750000000           1.5558047595809654     
   1.55425219796597957611083984375000000           1.5577071475373567     
   1.56402736902236938476562500000000000           1.5594780513011695     
   1.57380254007875919342041015625000000           1.5611169628951203     
   1.58357771113514900207519531250000000           1.5626234027220542     
   1.59335288219153881072998046875000000           1.5639969195940300     
   1.60312805324792861938476562500000000           1.5652370907539372     
   1.61290322430431842803955078125000000           1.5663435218896702     
   1.62267839536070823669433593750000000           1.5673158471408728     
   1.63245356641709804534912109375000000           1.5681537290982783     
   1.64222873747348785400390625000000000           1.5688568587956668     
   1.65200390852987766265869140625000000           1.5694249556944662     
   1.66177907958626747131347656250000000           1.5698577676610248     
   1.67155425064265727996826171875000000           1.5701550709365852     
   1.68132942169904708862304687500000000           1.5703166700999935     
   1.69110459275543689727783203125000000           1.5703423980231745     
   1.70087976381182670593261718750000000           1.5702321158194157     
   1.71065493486821651458740234375000000           1.5699857127844878     
   1.72043010592460632324218750000000000           1.5696031063306572     
   1.73020527698099613189697265625000000           1.5690842419136195     
   1.73998044803738594055175781250000000           1.5684290929524054     
   1.74975561909377574920654296875000000           1.5676376607423088     
   1.75953079015016555786132812500000000           1.5667099743608732     
   1.76930596120655536651611328125000000           1.5656460905670060     
   1.77908113226294517517089843750000000           1.5644460936932547     
   1.78885630331933498382568359375000000           1.5631100955313129     
   1.79863147437572479248046875000000000           1.5616382352108042     
   1.80840664543211460113525390625000000           1.5600306790714100     
   1.81818181648850440979003906250000000           1.5582876205283931     
   1.82795698754489421844482421875000000           1.5564092799315872     
   1.83773215860128402709960937500000000           1.5543959044179090     
   1.84750732965767383575439453125000000           1.5522477677574675     
   1.85728250071406364440917968750000000           1.5499651701933275     
   1.86705767177045345306396484375000000           1.5475484382750047     
   1.87683284282684326171875000000000000           1.5449979246857606     
   1.88660801388323307037353515625000000           1.5423140080637714     
   1.89638318493962287902832031250000000           1.5394970928172391     
   1.90615835599601268768310546875000000           1.5365476089335335     
   1.91593352705240249633789062500000000           1.5334660117824261     
   1.92570869810879230499267578125000000           1.5302527819135121     
   1.93548386916518211364746093750000000           1.5269084248478888     
   1.94525904022157192230224609375000000           1.5234334708641777     
   1.95503421127796173095703125000000000           1.5198284747789739     
   1.96480938233435153961181640625000000           1.5160940157218095     
   1.97458455339074134826660156250000000           1.5122306969047143     
   1.98435972444713115692138671875000000           1.5082391453864643     
   1.99413489550352096557617187500000000           1.5041200118316065     
   2.00391006655991077423095703125000000           1.4998739702643538     
   2.01368523761630058288574218750000000           1.4955017178174355     
   2.02346040867269039154052734375000000           1.4910039744760071     
   2.03323557972908020019531250000000000           1.4863814828167010     
   2.04301075078547000885009765625000000           1.4816350077419291     
   2.05278592184185981750488281250000000           1.4767653362095206     
   2.06256109289824962615966796875000000           1.4717732769578002     
   2.07233626395463943481445312500000000           1.4666596602262085     
   2.08211143501102924346923828125000000           1.4614253374715584     
   2.09188660606741905212402343750000000           1.4560711810800326     
   2.10166177712380886077880859375000000           1.4505980840750259     
   2.11143694818019866943359375000000000           1.4450069598209312     
   2.12121211923658847808837890625000000           1.4392987417229812     
   2.13098729029297828674316406250000000           1.4334743829232410     
   2.14076246134936809539794921875000000           1.4275348559928680     
   2.15053763240575790405273437500000000           1.4214811526207378     
   2.16031280346214771270751953125000000           1.4153142832985488     
   2.17008797451853752136230468750000000           1.4090352770025132     
   2.17986314557492733001708984375000000           1.4026451808717415     
   2.18963831663131713867187500000000000           1.3961450598834322     
   2.19941348768770694732666015625000000           1.3895359965249781     
   2.20918865874409675598144531250000000           1.3828190904630970     
   2.21896382980048656463623046875000000           1.3759954582101033     
   2.22873900085687637329101562500000000           1.3690662327874268     
   2.23851417191326618194580078125000000           1.3620325633864980     
   2.24828934296965599060058593750000000           1.3548956150271074     
   2.25806451402604579925537109375000000           1.3476565682133550     
   2.26783968508243560791015625000000000           1.3403166185873050     
   2.27761485613882541656494140625000000           1.3328769765804565     
   2.28739002719521522521972656250000000           1.3253388670631494     
   2.29716519825160503387451171875000000           1.3177035289920149     
   2.30694036930799484252929687500000000           1.3099722150555901     
   2.31671554036438465118408203125000000           1.3021461913182120     
   2.32649071142077445983886718750000000           1.2942267368623011     
   2.33626588247716426849365234375000000           1.2862151434291553     
   2.34604105353355407714843750000000000           1.2781127150583682     
   2.35581622458994388580322265625000000           1.2699207677259887     
   2.36559139564633369445800781250000000           1.2616406289815301     
   2.37536656670272350311279296875000000           1.2532736375839568     
   2.38514173775911331176757812500000000           1.2448211431367526     
   2.39491690881550312042236328125000000           1.2362845057221923     
   2.40469207987189292907714843750000000           1.2276650955349284     
   2.41446725092828273773193359375000000           1.2189642925150104     
   2.42424242198467254638671875000000000           1.2101834859804497     
   2.43401759304106235504150390625000000           1.2013240742594451     
   2.44379276409745216369628906250000000           1.1923874643223824     
   2.45356793515384197235107421875000000           1.1833750714137214     
   2.46334310621023178100585937500000000           1.1742883186838882     
   2.47311827726662158966064453125000000           1.1651286368212745     
   2.48289344832301139831542968750000000           1.1558974636844750     
   2.49266861937940120697021484375000000           1.1465962439348498     
   2.50244379043579101562500000000000000           1.1372264286695493     
   2.51221896149218082427978515625000000           1.1277894750550934     
   2.52199413254857063293457031250000000           1.1182868459616231     
   2.53176930360496044158935546875000000           1.1087200095979339     
   2.54154447466135025024414062500000000           1.0990904391473988     
   2.55131964571774005889892578125000000           1.0893996124048875     
   2.56109481677412986755371093750000000           1.0796490114147934     
   2.57086998783051967620849609375000000           1.0698401221102709     
   2.58064515888690948486328125000000000           1.0599744339537909     
   2.59042032994329929351806640625000000           1.0500534395791190     
   2.60019550099968910217285156250000000           1.0400786344348216     
   2.60997067205607891082763671875000000           1.0300515164294000     
   2.61974584311246871948242187500000000           1.0199735855781582     
   2.62952101416885852813720703125000000           1.0098463436519061     
   2.63929618522524833679199218750000000          0.99967129382759112     
   2.64907135628163814544677734375000000          0.98944994034096889     
   2.65884652733802795410156250000000000          0.97918378814140139     
   2.66862169839441776275634765625000000          0.96887434254888483     
   2.67839686945080757141113281250000000          0.95852310891340031     
   2.68817204050719738006591796875000000          0.94813159227668398     
   2.69794721156358718872070312500000000          0.93770129703651017     
   2.70772238261997699737548828125000000          0.92723372661357839     
   2.71749755367636680603027343750000000          0.91673038312109578     
   2.72727272473275661468505859375000000          0.90619276703714413     
   2.73704789578914642333984375000000000          0.89562237687992452     
   2.74682306684553623199462890625000000          0.88502070888595852     
   2.75659823790192604064941406250000000          0.87438925669133793     
   2.76637340895831584930419921875000000          0.86372951101610673     
   2.77614858001470565795898437500000000          0.85304295935185681     
   2.78592375107109546661376953125000000          0.84233108565261783     
   2.79569892212748527526855468750000000          0.83159537002912531     
   2.80547409318387508392333984375000000          0.82083728844654091     
   2.81524926424026489257812500000000000          0.81005831242570614     
   2.82502443529665470123291015625000000          0.79925990874800301     
   2.83479960635304450988769531250000000          0.78844353916389354     
   2.84457477740943431854248046875000000          0.77761066010521607     
   2.85434994846582412719726562500000000          0.76676272240130416     
   2.86412511952221393585205078125000000          0.75590117099899967     
   2.87390029057860374450683593750000000          0.74502744468662752     
   2.88367546163499355316162109375000000          0.73414297582199661     
   2.89345063269138336181640625000000000          0.72324919006449417     
   2.90322580374777317047119140625000000          0.71234750611133313     
   2.91300097480416297912597656250000000          0.70143933543801462     
   2.92277614586055278778076171875000000          0.69052608204306543     
   2.93255131691694259643554687500000000          0.67960914219710733     
   2.94232648797333240509033203125000000          0.66868990419631213     
   2.95210165902972221374511718750000000          0.65776974812030220     
   2.96187683008611202239990234375000000          0.64685004559453851     
   2.97165200114250183105468750000000000          0.63593215955726001     
   2.98142717219889163970947265625000000          0.62501744403100767     
   2.99120234325528144836425781250000000          0.61410724389879556     
   3.00097751431167125701904296875000000          0.60320289468495947     
   3.01075268536806106567382812500000000          0.59230572234073708     
   3.02052785642445087432861328125000000          0.58141704303461439     
   3.03030302748084068298339843750000000          0.57053816294748205     
   3.04007819853723049163818359375000000          0.55967037807263353     
   3.04985336959362030029296875000000000          0.54881497402064827     
   3.05962854065001010894775390625000000          0.53797322582918639     
   3.06940371170639991760253906250000000          0.52714639777773242     
   3.07917888276278972625732421875000000          0.51633574320731290     
   3.08895405381917953491210937500000000          0.50554250434521997     
   3.09872922487556934356689453125000000          0.49476791213476601     
   3.10850439593195915222167968750000000          0.48401318607009247     
   3.11827956698834896087646484375000000          0.47327953403605483     
   3.12805473804473876953125000000000000          0.46256815215320690     
   3.13782990910112857818603515625000000          0.45188022462790112     
   3.14760508015751838684082031250000000          0.44121692360751907     
   3.15738025121390819549560546875000000          0.43057940904085246     
   3.16715542227029800415039062500000000          0.41996882854364137     
   3.17693059332668781280517578125000000          0.40938631726928476     
   3.18670576438307762145996093750000000          0.39883299778473058     
   3.19648093543946743011474609375000000          0.38830997995155081     
   3.20625610649585723876953125000000000          0.37781836081221043     
   3.21603127755224704742431640625000000          0.36735922448152958     
   3.22580644860863685607910156250000000          0.35693364204334199     
   3.23558161966502666473388671875000000          0.34654267145234863     
   3.24535679072141647338867187500000000          0.33618735744116512     
   3.25513196177780628204345703125000000          0.32586873143255590     
   3.26490713283419609069824218750000000          0.31558781145685166     
   3.27468230389058589935302734375000000          0.30534560207453876     
   3.28445747494697570800781250000000000          0.29514309430401420     
   3.29423264600336551666259765625000000          0.28498126555449232     
   3.30400781705975532531738281250000000          0.27486107956404715     
   3.31378298811614513397216796875000000          0.26478348634277860     
   3.32355815917253494262695312500000000          0.25474942212108531     
   3.33333333022892475128173828125000000          0.24475980930301833     
   3.34310850128531455993652343750000000          0.23481555642470464     
   3.35288367234170436859130859375000000          0.22491755811780711     
   3.36265884339809417724609375000000000          0.21506669507800713     
   3.37243401445448398590087890625000000          0.20526383403847182     
   3.38220918551087379455566406250000000          0.19550982774828840     
   3.39198435656726360321044921875000000          0.18580551495582720     
   3.40175952762365341186523437500000000          0.17615172039700977     
   3.41153469868004322052001953125000000          0.16654925478843985     
   3.42130986973643302917480468750000000          0.15699891482537021     
   3.43108504079282283782958984375000000          0.14750148318446377     
   3.44086021184921264648437500000000000          0.13805772853131304     
   3.45063538290560245513916015625000000          0.12866840553267600     
   3.46041055396199226379394531250000000          0.11933425487338811     
   3.47018572501838207244873046875000000          0.11005600327790799     
   3.47996089607477188110351562500000000          0.10083436353645070     
   3.48973606713116168975830078125000000           9.1670034535660916E-002
   3.49951123818755149841308593750000000           8.2563701293782210E-002
   3.50928640924394130706787109375000000           7.3516035000269819E-002
   3.51906158030033111572265625000000000           6.4527693059796998E-002
   3.52883675135672092437744140625000000           5.5599319140601788E-002
   3.53861192241311073303222656250000000           4.6731543227123140E-002
   3.54838709346950054168701171875000000           3.7924981676867087E-002
   3.55816226452589035034179687500000000           2.9180237281450916E-002
   3.56793743558228015899658203125000000           2.0497899331763714E-002
   3.57771260663866996765136718750000000           1.1878543687184662E-002
   3.58748777769505977630615234375000000           3.3227328488019126E-003
   3.59726294875144958496093750000000000          -5.1689839634354584E-003
   3.60703811980783939361572265625000000          -1.3596070729691379E-002
   3.61681329086422920227050781250000000          -2.1958004545407306E-002
   3.62658846192061901092529296875000000          -3.0254275532727304E-002
   3.63636363297700881958007812500000000          -3.8484386748242616E-002
   3.64613880403339862823486328125000000          -4.6647854087132457E-002
   3.65591397508978843688964843750000000          -5.4744206183763411E-002
   3.66568914614617824554443359375000000          -6.2772984308821389E-002
   3.67546431720256805419921875000000000          -7.0733742263044908E-002
   3.68523948825895786285400390625000000          -7.8626046267635641E-002
   3.69501465931534767150878906250000000          -8.6449474851414243E-002
   3.70478983037173748016357421875000000          -9.4203618734801764E-002
   3.71456500142812728881835937500000000         -0.10188808071069611     
   3.72434017248451709747314453125000000         -0.10950247552232467     
   3.73411534354090690612792968750000000         -0.11704642973814749     
   3.74389051459729671478271484375000000         -0.12451958162388843     
   3.75366568565368652343750000000000000         -0.13192158101177531     
   3.76344085671007633209228515625000000         -0.13925208916706733     
   3.77321602776646614074707031250000000         -0.14651077865194906     
   3.78299119882285594940185546875000000         -0.15369733318687551     
   3.79276636987924575805664062500000000         -0.16081144750944337     
   3.80254154093563556671142578125000000         -0.16785282723088046     
   3.81231671199202537536621093750000000         -0.17482118869022711     
   3.82209188304841518402099609375000000         -0.18171625880629838     
   3.83186705410480499267578125000000000         -0.18853777492751000     
   3.84164222516119480133056640625000000         -0.19528548467965318     
   3.85141739621758460998535156250000000         -0.20195914581170188     
   3.86119256727397441864013671875000000         -0.20855852603974168     
   3.87096773833036422729492187500000000         -0.21508340288910077     
   3.88074290938675403594970703125000000         -0.22153356353477666     
   3.89051808044314384460449218750000000         -0.22790880464023966     
   3.90029325149953365325927734375000000         -0.23420893219470262     
   3.91006842255592346191406250000000000         -0.24043376134894445     
   3.91984359361231327056884765625000000         -0.24658311624977641     
   3.92961876466870307922363281250000000         -0.25265682987323468     
   3.93939393572509288787841796875000000         -0.25865474385659459     
   3.94916910678148269653320312500000000         -0.26457670832928626     
   3.95894427783787250518798828125000000         -0.27042258174280898     
   3.96871944889426231384277343750000000         -0.27619223069972476     
   3.97849461995065212249755859375000000         -0.28188552978182563     
   3.98826979100704193115234375000000000         -0.28750236137755952     
   3.99804496206343173980712890625000000         -0.29304261550880706     
   4.00782013311982154846191406250000000         -0.29850618965709241     
   4.01759530417621135711669921875000000         -0.30389298858932257     
   4.02737047523260116577148437500000000         -0.30920292418313805     
   4.03714564628899097442626953125000000         -0.31443591525196923     
   4.04692081734538078308105468750000000         -0.31959188736987787     
   4.05669598840177059173583984375000000         -0.32467077269628219     
   4.06647115945816040039062500000000000         -0.32967250980064200     
   4.07624633051455020904541015625000000         -0.33459704348720032     
   4.08602150157094001770019531250000000         -0.33944432461986218     
   4.09579667262732982635498046875000000         -0.34421430994730096     
   4.10557184368371963500976562500000000         -0.34890696192837517     
   4.11534701474010944366455078125000000         -0.35352224855794512     
   4.12512218579649925231933593750000000         -0.35806014319317103     
   4.13489735685288906097412109375000000         -0.36252062438037891     
   4.14467252790927886962890625000000000         -0.36690367568258031     
   4.15444769896566867828369140625000000         -0.37120928550772680     
   4.16422287002205848693847656250000000         -0.37543744693778180     
   4.17399804107844829559326171875000000         -0.37958815755869679     
   4.18377321213483810424804687500000000         -0.38366141929136810     
   4.19354838319122791290283203125000000         -0.38765723822366005     
   4.20332355424761772155761718750000000         -0.39157562444357119     
   4.21309872530400753021240234375000000         -0.39541659187362554     
   4.22287389636039733886718750000000000         -0.39918015810656748     
   4.23264906741678714752197265625000000         -0.40286634424243872     
   4.24242423847317695617675781250000000         -0.40647517472711137     
   4.25219940952956676483154296875000000         -0.41000667719236039     
   4.26197458058595657348632812500000000         -0.41346088229754174     
   4.27174975164234638214111328125000000         -0.41683782357296051     
   4.28152492269873619079589843750000000         -0.42013753726499492     
   4.29130009375512599945068359375000000         -0.42336006218305267     
   4.30107526481151580810546875000000000         -0.42650543954843045     
   4.31085043586790561676025390625000000         -0.42957371284514834     
   4.32062560692429542541503906250000000         -0.43256492767282539     
   4.33040077798068523406982421875000000         -0.43547913160167051     
   4.34017594903707504272460937500000000         -0.43831637402964807     
   4.34995112009346485137939453125000000         -0.44107670604189364     
   4.35972629114985466003417968750000000         -0.44376018027243791     
   4.36950146220624446868896484375000000         -0.44636685076830440     
   4.37927663326263427734375000000000000         -0.44889677285604596     
   4.38905180431902408599853515625000000         -0.45135000301077982     
   4.39882697537541389465332031250000000         -0.45372659872777971     
   4.40860214643180370330810546875000000         -0.45602661839668768     
   4.41837731748819351196289062500000000         -0.45825012117839908     
   4.42815248854458332061767578125000000         -0.46039716688468185     
   4.43792765960097312927246093750000000         -0.46246781586057906     
   4.44770283065736293792724609375000000         -0.46446212886965405     
   4.45747800171375274658203125000000000         -0.46638016698212531     
   4.46725317277014255523681640625000000         -0.46822199146594806     
   4.47702834382653236389160156250000000         -0.46998766368088318     
   4.48680351488292217254638671875000000         -0.47167724497561059     
   4.49657868593931198120117187500000000         -0.47329079658792639     
   4.50635385699570178985595703125000000         -0.47482837954807333     
   4.51612902805209159851074218750000000         -0.47629005458524587     
   4.52590419910848140716552734375000000         -0.47767588203731071     
   4.53567937016487121582031250000000000         -0.47898592176378679     
   4.54545454122126102447509765625000000         -0.48022023306212058     
   4.55522971227765083312988281250000000         -0.48137887458729456     
   4.56500488333404064178466796875000000         -0.48246190427480579     
   4.57478005439043045043945312500000000         -0.48346937926704597     
   4.58455522544682025909423828125000000         -0.48440135584312161     
   4.59433039650321006774902343750000000         -0.48525788935213637     
   4.60410556755959987640380859375000000         -0.48603903414997196     
   4.61388073861598968505859375000000000         -0.48674484353959319     
   4.62365590967237949371337890625000000         -0.48737536971490242     
   4.63343108072876930236816406250000000         -0.48793066370816834     
   4.64320625178515911102294921875000000         -0.48841077534105237     
   4.65298142284154891967773437500000000         -0.48881575317925158     
   4.66275659389793872833251953125000000         -0.48914564449078224     
   4.67253176495432853698730468750000000         -0.48940049520791495     
   4.68230693601071834564208984375000000         -0.48958034989278376     
   4.69208210706710815429687500000000000         -0.48968525170667931     
   4.70185727812349796295166015625000000         -0.48971524238304104     
   4.71163244917988777160644531250000000         -0.48967036220415699     
   4.72140762023627758026123046875000000         -0.48955064998158426     
   4.73118279129266738891601562500000000         -0.48935614304029196     
   4.74095796234905719757080078125000000         -0.48908687720653832     
   4.75073313340544700622558593750000000         -0.48874288679948208     
   4.76050830446183681488037109375000000         -0.48832420462653098     
   4.77028347551822662353515625000000000         -0.48783086198242981     
   4.78005864657461643218994140625000000         -0.48726288865208539     
   4.78983381763100624084472656250000000         -0.48662031291712471     
   4.79960898868739604949951171875000000         -0.48590316156618490     
   4.80938415974378585815429687500000000         -0.48511145990892379     
   4.81915933080017566680908203125000000         -0.48424523179374984     
   4.82893450185656547546386718750000000         -0.48330449962925409     
   4.83870967291295528411865234375000000         -0.48228928440933783     
   4.84848484396934509277343750000000000         -0.48119960574202186     
   4.85826001502573490142822265625000000         -0.48003548188192208     
   4.86803518608212471008300781250000000         -0.47879692976637350     
   4.87781035713851451873779296875000000         -0.47748396505518770     
   4.88758552819490432739257812500000000         -0.47609660217402022     
   4.89736069925129413604736328125000000         -0.47463485436132979     
   4.90713587030768394470214843750000000         -0.47309873371890304     
   4.91691104136407375335693359375000000         -0.47148825126592170     
   4.92668621242046356201171875000000000         -0.46980341699654538     
   4.93646138347685337066650390625000000         -0.46804423994098143     
   4.94623655453324317932128906250000000         -0.46621072823001292     
   4.95601172558963298797607421875000000         -0.46430288916295165     
   4.96578689664602279663085937500000000         -0.46232072927898488     
   4.97556206770241260528564453125000000         -0.46026425443188135     
   4.98533723875880241394042968750000000         -0.45813346986801828     
   4.99511240981519222259521484375000000         -0.45592838030769350     
   5.00488758087158203125000000000000000         -0.45364899002968284     
   5.01466275192797183990478515625000000         -0.45129530295900344     
   5.02443792298436164855957031250000000         -0.44886732275783642     
   5.03421309404075145721435546875000000         -0.44636505291957129     
   5.04398826509714126586914062500000000         -0.44378849686592042     
   5.05376343615353107452392578125000000         -0.44113765804706251     
   5.06353860720992088317871093750000000         -0.43841254004476249     
   5.07331377826631069183349609375000000         -0.43561314667841999     
   5.08308894932270050048828125000000000         -0.43273948211399610     
   5.09286412037909030914306640625000000         -0.42979155097576494     
   5.10263929143548011779785156250000000         -0.42676935846083558     
   5.11241446249186992645263671875000000         -0.42367291045639105     
   5.12218963354825973510742187500000000         -0.42050221365958562     
   5.13196480460464954376220703125000000         -0.41725727570004612     
   5.14173997566103935241699218750000000         -0.41393810526491276     
   5.15151514671742916107177734375000000         -0.41054471222636502     
   5.16129031777381896972656250000000000         -0.40707710777156603     
   5.17106548883020877838134765625000000         -0.40353530453496689     
   5.18084065988659858703613281250000000         -0.39991931673290371     
   5.19061583094298839569091796875000000         -0.39622916030042321     
   5.20039100199937820434570312500000000         -0.39246485303027157     
   5.21016617305576801300048828125000000         -0.38862641471397841     
   5.21994134411215782165527343750000000         -0.38471386728496648     
   5.22971651516854763031005859375000000         -0.38072723496361793     
   5.23949168622493743896484375000000000         -0.37666654440422953     
   5.24926685728132724761962890625000000         -0.37253182484377900     
   5.25904202833771705627441406250000000         -0.36832310825243597     
   5.26881719939410686492919921875000000         -0.36404042948574156     
   5.27859237045049667358398437500000000         -0.35968382643837937     
   5.28836754150688648223876953125000000         -0.35525334019946908     
   5.29814271256327629089355468750000000         -0.35074901520929991     
   5.30791788361966609954833984375000000         -0.34617089941742829     
   5.31769305467605590820312500000000000         -0.34151904444206693     
   5.32746822573244571685791015625000000         -0.33679350573067940     
   5.33724339678883552551269531250000000         -0.33199434272170397     
   5.34701856784522533416748046875000000         -0.32712161900732967     
   5.35679373890161514282226562500000000         -0.32217540249723620     
   5.36656890995800495147705078125000000         -0.31715576558322495     
   5.37634408101439476013183593750000000         -0.31206278530465192     
   5.38611925207078456878662109375000000         -0.30689654351458295     
   5.39589442312717437744140625000000000         -0.30165712704658887     
   5.40566959418356418609619140625000000         -0.29634462788209465     
   5.41544476523995399475097656250000000         -0.29095914331819789     
   5.42521993629634380340576171875000000         -0.28550077613587665     
   5.43499510735273361206054687500000000         -0.27996963476849313     
   5.44477027840912342071533203125000000         -0.27436583347051607     
   5.45454544946551322937011718750000000         -0.26868949248637075     
   5.46432062052190303802490234375000000         -0.26294073821933051     
   5.47409579157829284667968750000000000         -0.25711970340036661     
   5.48387096263468265533447265625000000         -0.25122652725686534     
   5.49364613369107246398925781250000000         -0.24526135568112850     
   5.50342130474746227264404296875000000         -0.23922434139856757     
   5.51319647580385208129882812500000000         -0.23311564413550595     
   5.52297164686024188995361328125000000         -0.22693543078650136     
   5.53274681791663169860839843750000000         -0.22068387558109864     
   5.54252198897302150726318359375000000         -0.21436116024992852     
   5.55229716002941131591796875000000000         -0.20796747419006167     
   5.56207233108580112457275390625000000         -0.20150301462953252     
   5.57184750214219093322753906250000000         -0.19496798679094363     
   5.58162267319858074188232421875000000         -0.18836260405406291     
   5.59139784425497055053710937500000000         -0.18168708811732726     
   5.60117301531136035919189453125000000         -0.17494166915816589     
   5.61094818636775016784667968750000000         -0.16812658599205155     
   5.62072335742413997650146484375000000         -0.16124208623019964     
   5.63049852848052978515625000000000000         -0.15428842643582175     
   5.64027369953691959381103515625000000         -0.14726587227885313     
   5.65004887059330940246582031250000000         -0.14017469868906263     
   5.65982404164969921112060546875000000         -0.13301519000746292     
   5.66959921270608901977539062500000000         -0.12578764013593396     
   5.67937438376247882843017578125000000         -0.11849235268497560     
   5.68914955481886863708496093750000000         -0.11112964111950419     
   5.69892472587525844573974609375000000         -0.10369982890260809     
   5.70869989693164825439453125000000000          -9.6203249637182742E-002
   5.71847506798803806304931640625000000          -8.8640247205355460E-002
   5.72825023904442787170410156250000000          -8.1011175905624344E-002
   5.73802541010081768035888671875000000          -7.3316400587625896E-002
   5.74780058115720748901367187500000000          -6.5556296784449852E-002
   5.75757575221359729766845703125000000          -5.7731250842424253E-002
   5.76735092326998710632324218750000000          -4.9841660048285941E-002
   5.77712609432637691497802734375000000          -4.1887932753662316E-002
   5.78690126538276672363281250000000000          -3.3870488496783535E-002
   5.79667643643915653228759765625000000          -2.5789758121348538E-002
   5.80645160749554634094238281250000000          -1.7646183892467415E-002
   5.81622677855193614959716796875000000          -9.4402196096078361E-003
   5.82600194960832595825195312500000000          -1.1723307164641650E-003
   5.83577712066471576690673828125000000           7.1570055923158016E-003
   5.84555229172110557556152343750000000           1.5547300267626518E-002
   5.85532746277749538421630859375000000           2.3998052305691631E-002
   5.86510263383388519287109375000000000           3.2508748651213337E-002
   5.87487780489027500152587890625000000           4.1078864103952339E-002
   5.88465297594666481018066406250000000           4.9707861228810435E-002
   5.89442814700305461883544921875000000           5.8395190269480923E-002
   5.90420331805944442749023437500000000           6.7140289065731884E-002
   5.91397848911583423614501953125000000           7.5942582974391715E-002
   5.92375366017222404479980468750000000           8.4801484794096771E-002
   5.93352883122861385345458984375000000           9.3716394693867056E-002
   5.94330400228500366210937500000000000          0.10268670014556780     
   5.95307917334139347076416015625000000          0.11171177586032177     
   5.96285434439778327941894531250000000          0.12079098372892794     
   5.97262951545417308807373046875000000          0.12992367276634376     
   5.98240468651056289672851562500000000          0.13910917906029074     
   5.99217985756695270538330078125000000          0.14834682572403524     
   6.00195502862334251403808593750000000          0.15763592285339678     
   6.01173019967973232269287109375000000          0.16697576748804177     
   6.02150537073612213134765625000000000          0.17636564357710471     
   6.03128054179251194000244140625000000          0.18580482194919457     
   6.04105571284890174865722656250000000          0.19529256028682718     
   6.05083088390529155731201171875000000          0.20482810310533373     
   6.06060605496168136596679687500000000          0.21441068173628786     
   6.07038122601807117462158203125000000          0.22403951431549574     
   6.08015639707446098327636718750000000          0.23371380577558976     
   6.08993156813085079193115234375000000          0.24343274784326541     
   6.09970673918724060058593750000000000          0.25319551904120008     
   6.10948191024363040924072265625000000          0.26300128469469020     
   6.11925708130002021789550781250000000          0.27284919694304099     
   6.12903225235641002655029296875000000          0.28273839475574336     
   6.13880742341279983520507812500000000          0.29266800395346870     
   6.14858259446918964385986328125000000          0.30263713723390950     
   6.15835776552557945251464843750000000          0.31264489420249897     
   6.16813293658196926116943359375000000          0.32269036140802998     
   6.17790810763835906982421875000000000          0.33277261238320122     
   6.18768327869474887847900390625000000          0.34289070769011498     
   6.19745844975113868713378906250000000          0.35304369497074339     
   6.20723362080752849578857421875000000          0.36323060900238535     
   6.21700879186391830444335937500000000          0.37345047175813029     
   6.22678396292030811309814453125000000          0.38370229247234688     
   6.23655913397669792175292968750000000          0.39398506771120634     
   6.24633430503308773040771484375000000          0.40429778144825623     
   6.25610947608947753906250000000000000          0.41463940514505238     
   6.26588464714586734771728515625000000          0.42500889783685925     
   6.27565981820225715637207031250000000          0.43540520622342305     
   6.28543498925864696502685546875000000          0.44582726476482382     
   6.29521016031503677368164062500000000          0.45627399578240946     
   6.30498533137142658233642578125000000          0.46674430956480972     
   6.31476050242781639099121093750000000          0.47723710447903339     
   6.32453567348420619964599609375000000          0.48775126708664190     
   6.33431084454059600830078125000000000          0.49828567226499676     
   6.34408601559698581695556640625000000          0.50883918333357370     
   6.35386118665337562561035156250000000          0.51941065218533389     
   6.36363635770976543426513671875000000          0.52999891942314226     
   6.37341152876615524291992187500000000          0.54060281450122227     
   6.38318669982254505157470703125000000          0.55122115587163001     
   6.39296187087893486022949218750000000          0.56185275113573063     
   6.40273704193532466888427734375000000          0.57249639720066559     
   6.41251221299171447753906250000000000          0.58315088044078078     
   6.42228738404810428619384765625000000          0.59381497686400320     
   6.43206255510449409484863281250000000          0.60448745228313361     
   6.44183772616088390350341796875000000          0.61516706249203790     
   6.45161289721727371215820312500000000          0.62585255344670176     
   6.46138806827366352081298828125000000          0.63654266145112526     
   6.47116323933005332946777343750000000          0.64723611334802134     
   6.48093841038644313812255859375000000          0.65793162671428873     
   6.49071358144283294677734375000000000          0.66862791006122080     
   6.50048875249922275543212890625000000          0.67932366303941727     
   6.51026392355561256408691406250000000          0.69001757664835361     
   6.52003909461200237274169921875000000          0.70070833345057659     
   6.52981426566839218139648437500000000          0.71139460779047281     
   6.53958943672478199005126953125000000          0.72207506601757665     
   6.54936460778117179870605468750000000          0.73274836671436150     
   6.55913977883756160736083984375000000          0.74341316092847443     
   6.56891494989395141601562500000000000          0.75406809240935813     
   6.57869012095034122467041015625000000          0.76471179784921528     
   6.58846529200673103332519531250000000          0.77534290712825327     
   6.59824046306312084197998046875000000          0.78596004356416427     
   6.60801563411951065063476562500000000          0.79656182416577503     
   6.61779080517590045928955078125000000          0.80714685989081469     
   6.62756597623229026794433593750000000          0.81771375590773410     
   6.63734114728868007659912109375000000          0.82826111186152207     
   6.64711631834506988525390625000000000          0.83878752214344676     
   6.65689148940145969390869140625000000          0.84929157616466555     
   6.66666666045784950256347656250000000          0.85977185863362804     
   6.67644183151423931121826171875000000          0.87022694983721083     
   6.68621700257062911987304687500000000          0.88065542592550972     
   6.69599217362701892852783203125000000          0.89105585920021990     
   6.70576734468340873718261718750000000          0.90142681840652916     
   6.71554251573979854583740234375000000          0.91176686902845105     
   6.72531768679618835449218750000000000          0.92207457358751976     
   6.73509285785257816314697265625000000          0.93234849194477354     
   6.74486802890896797180175781250000000          0.94258718160593835     
   6.75464319996535778045654296875000000          0.95278919802974427     
   6.76441837102174758911132812500000000          0.96295309493927794     
   6.77419354207813739776611328125000000          0.97307742463630087     
   6.78396871313452720642089843750000000          0.98316073831843909     
   6.79374388419091701507568359375000000          0.99320158639916367     
   6.80351905524730682373046875000000000           1.0031985188304715     
   6.81329422630369663238525390625000000           1.0131500854281796     
   6.82306939736008644104003906250000000           1.0230548361997416     
   6.83284456841647624969482421875000000           1.0329113216744954     
   6.84261973947286605834960937500000000           1.0427180932362510     
   6.85239491052925586700439453125000000           1.0524737034581213     
   6.86217008158564567565917968750000000           1.0621767064395058     
   6.87194525264203548431396484375000000           1.0718256581451273     
   6.88172042369842529296875000000000000           1.0814191167460259     
   6.89149559475481510162353515625000000           1.0909556429624139     
   6.90127076581120491027832031250000000           1.1004338004082888     
   6.91104593686759471893310546875000000           1.1098521559377090     
   6.92082110792398452758789062500000000           1.1192092799926263     
   6.93059627898037433624267578125000000           1.1285037469521773     
   6.94037145003676414489746093750000000           1.1377341354833279     
   6.95014662109315395355224609375000000           1.1468990288927685     
   6.95992179214954376220703125000000000           1.1559970154799553     
   6.96969696320593357086181640625000000           1.1650266888911909     
   6.97947213426232337951660156250000000           1.1739866484746420     
   6.98924730531871318817138671875000000           1.1828754996361797     
   6.99902247637510299682617187500000000           1.1916918541959445     
   7.00879764743149280548095703125000000           1.2004343307455181     
   7.01857281848788261413574218750000000           1.2091015550056012     
   7.02834798954427242279052734375000000           1.2176921601840829     
   7.03812316060066223144531250000000000           1.2262047873343911     
   7.04789833165705204010009765625000000           1.2346380857140189     
   7.05767350271344184875488281250000000           1.2429907131431093     
   7.06744867376983165740966796875000000           1.2512613363629901     
   7.07722384482622146606445312500000000           1.2594486313945461     
   7.08699901588261127471923828125000000           1.2675512838963190     
   7.09677418693900108337402343750000000           1.2755679895222165     
   7.10654935799539089202880859375000000           1.2834974542787232     
   7.11632452905178070068359375000000000           1.2913383948814972     
   7.12609970010817050933837890625000000           1.2990895391112400     
   7.13587487116456031799316406250000000           1.3067496261687248     
   7.14565004222095012664794921875000000           1.3143174070288712     
   7.15542521327733993530273437500000000           1.3217916447937514     
   7.16520038433372974395751953125000000           1.3291711150444121     
   7.17497555539011955261230468750000000           1.3364546061914018     
   7.18475072644650936126708984375000000           1.3436409198238859     
   7.19452589750289916992187500000000000           1.3507288710572389     
   7.20430106855928897857666015625000000           1.3577172888789963     
   7.21407623961567878723144531250000000           1.3646050164930519     
   7.22385141067206859588623046875000000           1.3713909116619951     
   7.23362658172845840454101562500000000           1.3780738470474616     
   7.24340175278484821319580078125000000           1.3846527105483943     
   7.25317692384123802185058593750000000           1.3911264056370993     
   7.26295209489762783050537109375000000           1.3974938516929789     
   7.27272726595401763916015625000000000           1.4037539843338367     
   7.28250243701040744781494140625000000           1.4099057557446402     
   7.29227760806679725646972656250000000           1.4159481350036243     
   7.30205277912318706512451171875000000           1.4218801084056327     
   7.31182795017957687377929687500000000           1.4277006797825813     
   7.32160312123596668243408203125000000           1.4334088708209354     
   7.33137829229235649108886718750000000           1.4390037213760887     
   7.34115346334874629974365234375000000           1.4444842897835402     
   7.35092863440513610839843750000000000           1.4498496531667540     
   7.36070380546152591705322265625000000           1.4550989077416030     
   7.37047897651791572570800781250000000           1.4602311691172776     
   7.38025414757430553436279296875000000           1.4652455725935662     
   7.39002931863069534301757812500000000           1.4701412734543946     
   7.39980448968708515167236328125000000           1.4749174472575193     
   7.40957966074347496032714843750000000           1.4795732901202756     
   7.41935483179986476898193359375000000           1.4841080190012736     
   7.42913000285625457763671875000000000           1.4885208719779432     
   7.43890517391264438629150390625000000           1.4928111085198255     
   7.44868034496903419494628906250000000           1.4969780097575094     
   7.45845551602542400360107421875000000           1.5010208787471204     
   7.46823068708181381225585937500000000           1.5049390407302565     
   7.47800585813820362091064453125000000           1.5087318433892789     
   7.48778102919459342956542968750000000           1.5123986570978627     
   7.49755620025098323822021484375000000           1.5159388751667082     
   7.50733137130737304687500000000000000           1.5193519140843281     
   7.51710654236376285552978515625000000           1.5226372137528101     
   7.52688171342015266418457031250000000           1.5257942377184699     
   7.53665688447654247283935546875000000           1.5288224733973026     
   7.54643205553293228149414062500000000           1.5317214322951482     
   7.55620722658932209014892578125000000           1.5344906502224789     
   7.56598239764571189880371093750000000           1.5371296875037301     
   7.57575756870210170745849609375000000           1.5396381291810832     
   7.58553273975849151611328125000000000           1.5420155852126267     
   7.59530791081488132476806640625000000           1.5442616906648090     
   7.60508308187127113342285156250000000           1.5463761058991052     
   7.61485825292766094207763671875000000           1.5483585167528222     
   7.62463342398405075073242187500000000           1.5502086347139605     
   7.63440859504044055938720703125000000           1.5519261970900691     
   7.64418376609683036804199218750000000           1.5535109671710072     
   7.65395893715322017669677734375000000           1.5549627343855501     
   7.66373410820960998535156250000000000           1.5562813144517720     
   7.67350927926599979400634765625000000           1.5574665495211280     
   7.68328445032238960266113281250000000           1.5585183083161811     
   7.69305962137877941131591796875000000           1.5594364862618988     
   7.70283479243516921997070312500000000           1.5602210056104679     
   7.71260996349155902862548828125000000           1.5608718155595591     
   7.72238513454794883728027343750000000           1.5613888923639838     
   7.73216030560433864593505859375000000           1.5617722394406901     
   7.74193547666072845458984375000000000           1.5620218874670395     
   7.75171064771711826324462890625000000           1.5621378944723132     
   7.76148581877350807189941406250000000           1.5621203459223949     
   7.77126098982989788055419921875000000           1.5619693547975817     
   7.78103616088628768920898437500000000           1.5616850616634794     
   7.79081133194267749786376953125000000           1.5612676347349310     
   7.80058650299906730651855468750000000           1.5607172699329395     
   7.81036167405545711517333984375000000           1.5600341909345405     
   7.82013684511184692382812500000000000           1.5592186492155922     
   7.82991201616823673248291015625000000           1.5582709240864376     
   7.83968718722462654113769531250000000           1.5571913227204064     
   7.84946235828101634979248046875000000           1.5559801801751285     
   7.85923752933740615844726562500000000           1.5546378594066224     
   7.86901270039379596710205078125000000           1.5531647512761331     
   7.87878787145018577575683593750000000           1.5515612745496909     
   7.88856304250657558441162109375000000           1.5498278758903699     
   7.89833821356296539306640625000000000           1.5479650298432193     
   7.90811338461935520172119140625000000           1.5459732388128540     
   7.91788855567574501037597656250000000           1.5438530330336790     
   7.92766372673213481903076171875000000           1.5416049705327395     
   7.93743889778852462768554687500000000           1.5392296370851766     
   7.94721406884491443634033203125000000           1.5367276461622827     
   7.95698923990130424499511718750000000           1.5340996388721457     
   7.96676441095769405364990234375000000           1.5313462838928720     
   7.97653958201408386230468750000000000           1.5284682773983909     
   7.98631475307047367095947265625000000           1.5254663429768303     
   7.99608992412686347961425781250000000           1.5223412315414691     
   8.00586509518325328826904296875000000           1.5190937212342677     
   8.01564026623964309692382812500000000           1.5157246173219776     
   8.02541543729603290557861328125000000           1.5122347520848416     
   8.03519060835242271423339843750000000           1.5086249846978892     
   8.04496577940881252288818359375000000           1.5048962011048428     
   8.05474095046520233154296875000000000           1.5010493138846437     
   8.06451612152159214019775390625000000           1.4970852621106179     
   8.07429129257798194885253906250000000           1.4930050112022963     
   8.08406646363437175750732421875000000           1.4888095527699110     
   8.09384163469076156616210937500000000           1.4844999044515905     
   8.10361680574715137481689453125000000           1.4800771097432794     
   8.11339197680354118347167968750000000           1.4755422378214067     
   8.12316714785993099212646484375000000           1.4708963833583333     
   8.13294231891632080078125000000000000           1.4661406663306131     
   8.14271748997271060943603515625000000           1.4612762318200985     
   8.15249266102910041809082031250000000           1.4563042498079231     
   8.16226783208549022674560546875000000           1.4512259149614097     
   8.17204300314188003540039062500000000           1.4460424464139321     
   8.18181817419826984405517578125000000           1.4407550875377821     
   8.19159334525465965270996093750000000           1.4353651057100829     
   8.20136851631104946136474609375000000           1.4298737920717959     
   8.21114368736743927001953125000000000           1.4242824612798701     
   8.22091885842382907867431640625000000           1.4185924512525878     
   8.23069402948021888732910156250000000           1.4128051229081555     
   8.24046920053660869598388671875000000           1.4069218598965998     
   8.25024437159299850463867187500000000           1.4009440683250247     
   8.26001954264938831329345703125000000           1.3948731764762885     
   8.26979471370577812194824218750000000           1.3887106345211646     
   8.27956988476216793060302734375000000           1.3824579142240498     
   8.28934505581855773925781250000000000           1.3761165086422826     
   8.29912022687494754791259765625000000           1.3696879318191477     
   8.30889539793133735656738281250000000           1.3631737184706252     
   8.31867056898772716522216796875000000           1.3565754236659693     
   8.32844574004411697387695312500000000           1.3498946225021802     
   8.33822091110050678253173828125000000           1.3431329097724507     
   8.34799608215689659118652343750000000           1.3362918996286663     
   8.35777125321328639984130859375000000           1.3293732252380330     
   8.36754642426967620849609375000000000           1.3223785384339217     
   8.37732159532606601715087890625000000           1.3153095093610092     
   8.38709676638245582580566406250000000           1.3081678261147993     
   8.39687193743884563446044921875000000           1.3009551943756184     
   8.40664710849523544311523437500000000           1.2936733370371660     
   8.41642227955162525177001953125000000           1.2863239938297202     
   8.42619745060801506042480468750000000           1.2789089209380822     
   8.43597262166440486907958984375000000           1.2714298906143608     
   8.44574779272079467773437500000000000           1.2638886907856919     
   8.45552296377718448638916015625000000           1.2562871246569864     
   8.46529813483357429504394531250000000           1.2486270103088137     
   8.47507330588996410369873046875000000           1.2409101802905163     
   8.48484847694635391235351562500000000           1.2331384812086568     
   8.49462364800274372100830078125000000           1.2253137733109107     
   8.50439881905913352966308593750000000           1.2174379300655014     
   8.51417399011552333831787109375000000           1.2095128377362863     
   8.52394916117191314697265625000000000           1.2015403949536112     
   8.53372433222830295562744140625000000           1.1935225122810302     
   8.54349950328469276428222656250000000           1.1854611117780138     
   8.55327467434108257293701171875000000           1.1773581265587536     
   8.56304984539747238159179687500000000           1.1692155003471780     
   8.57282501645386219024658203125000000           1.1610351870282949     
   8.58260018751025199890136718750000000           1.1528191501959799     
   8.59237535856664180755615234375000000           1.1445693626973266     
   8.60215052962303161621093750000000000           1.1362878061736799     
   8.61192570067942142486572265625000000           1.1279764705984705     
   8.62170087173581123352050781250000000           1.1196373538119768     
   8.63147604279220104217529296875000000           1.1112724610531313     
   8.64125121384859085083007812500000000           1.1028838044885014     
   8.65102638490498065948486328125000000           1.0944734027385650     
   8.66080155596137046813964843750000000           1.0860432804014102     
   8.67057672701776027679443359375000000           1.0775954675739832     
   8.68035189807415008544921875000000000           1.0691319993710149     
   8.69012706913053989410400390625000000           1.0606549154417528     
   8.69990224018692970275878906250000000           1.0521662594846291     
   8.70967741124331951141357421875000000           1.0436680787599957     
   8.71945258229970932006835937500000000           1.0351624236010566     
   8.72922775335609912872314453125000000           1.0266513469231273     
   8.73900292441248893737792968750000000           1.0181369037313599     
   8.74877809546887874603271484375000000           1.0096211506270605     
   8.75855326652526855468750000000000000           1.0011061453127368     
   8.76832843758165836334228515625000000          0.99259394609600859     
   8.77810360863804817199707031250000000          0.98408661139251685     
   8.78787877969443798065185546875000000          0.97558619922796697     
   8.79765395075082778930664062500000000          0.96709476673943984     
   8.80742912180721759796142578125000000          0.95861436967611102     
   8.81720429286360740661621093750000000          0.95014706189951115     
   8.82697946391999721527099609375000000          0.94169489488346514     
   8.83675463497638702392578125000000000          0.93325991721384971     
   8.84652980603277683258056640625000000          0.92484417408830266     
   8.85630497708916664123535156250000000          0.91644970681602644     
   8.86608014814555644989013671875000000          0.90807855231781842     
   8.87585531920194625854492187500000000          0.89973274262647152     
   8.88563049025833606719970703125000000          0.89141430438767721     
   8.89540566131472587585449218750000000          0.88312525836157463     
   8.90518083237111568450927734375000000          0.87486761892507892     
   8.91495600342750549316406250000000000          0.86664339357513076     
   8.92473117448389530181884765625000000          0.85845458243300121     
   8.93450634554028511047363281250000000          0.85030317774979325     
   8.94428151659667491912841796875000000          0.84219116341327471     
   8.95405668765306472778320312500000000          0.83412051445618052     
   8.96383185870945453643798828125000000          0.82609319656612357     
   8.97360702976584434509277343750000000          0.81811116559724628     
   8.98338220082223415374755859375000000          0.81017636708375496     
   8.99315737187862396240234375000000000          0.80229073575546783     
   9.00293254293501377105712890625000000          0.79445619505551535     
   9.01270771399140357971191406250000000          0.78667465666032732     
   9.02248288504779338836669921875000000          0.77894802000203989     
   9.03225805610418319702148437500000000          0.77127817179345914     
   9.04203322716057300567626953125000000          0.76366698555571222     
   9.05180839821696281433105468750000000          0.75611632114871907     
   9.06158356927335262298583984375000000          0.74862802430461917     
   9.07135874032974243164062500000000000          0.74120392616428232     
   9.08113391138613224029541015625000000          0.73384584281703291     
   9.09090908244252204895019531250000000          0.72655557484372291     
   9.10068425349891185760498046875000000          0.71933490686327484     
   9.11045942455530166625976562500000000          0.71218560708283096     
   9.12023459561169147491455078125000000          0.70510942685162858     
   9.13000976666808128356933593750000000          0.69810810021873226     
   9.13978493772447109222412109375000000          0.69118334349474653     
   9.14956010878086090087890625000000000          0.68433685481763473     
   9.15933527983725070953369140625000000          0.67757031372276300     
   9.16911045089364051818847656250000000          0.67088538071729709     
   9.17888562195003032684326171875000000          0.66428369685906885     
   9.18866079300642013549804687500000000          0.65776688334003319     
   9.19843596406280994415283203125000000          0.65133654107443362     
   9.20821113511919975280761718750000000          0.64499425029179458     
   9.21798630617558956146240234375000000          0.63874157013485477     
   9.22776147723197937011718750000000000          0.63258003826255860     
   9.23753664828836917877197265625000000          0.62651117045821403     
   9.24731181934475898742675781250000000          0.62053646024293552     
   9.25708699040114879608154296875000000          0.61465737849447566     
   9.26686216145753860473632812500000000          0.60887537307155870     
   9.27663733251392841339111328125000000          0.60319186844382189     
   9.28641250357031822204589843750000000          0.59760826532746925     
   9.29618767462670803070068359375000000          0.59212594032674404     
   9.30596284568309783935546875000000000          0.58674624558132282     
   9.31573801673948764801025390625000000          0.58147050841972658     
   9.32551318779587745666503906250000000          0.57630003101885885     
   9.33528835885226726531982421875000000          0.57123609006975606     
   9.34506352990865707397460937500000000          0.56627993644965624     
   9.35483870096504688262939453125000000          0.56143279490047315     
   9.36461387202143669128417968750000000          0.55669586371377278     
   9.37438904307782649993896484375000000          0.55207031442234056     
   9.38416421413421630859375000000000000          0.54755729149842769     
   9.39393938519060611724853515625000000          0.54315791205876285     
   9.40371455624699592590332031250000000          0.53887326557641990     
   9.41348972730338573455810546875000000          0.53470441359961352     
   9.42326489835977554321289062500000000          0.53065238947751503     
   9.43304006941616535186767578125000000          0.52671819809316034     
   9.44281524047255516052246093750000000          0.52290281560353025     
   9.45259041152894496917724609375000000          0.51920718918687569     
   9.46236558258533477783203125000000000          0.51563223679736447     
   9.47214075364172458648681640625000000          0.51217884692711579     
   9.48191592469811439514160156250000000          0.50884787837569501     
   9.49169109575450420379638671875000000          0.50564016002713452     
   9.50146626681089401245117187500000000          0.50255649063454333     
   9.51124143786728382110595703125000000          0.49959763861236983     
   9.52101660892367362976074218750000000          0.49676434183637708     
   9.53079177998006343841552734375000000          0.49405730745138909     
   9.54056695103645324707031250000000000          0.49147721168686281     
   9.55034212209284305572509765625000000          0.48902469968034046     
   9.56011729314923286437988281250000000          0.48670038530883286     
   9.56989246420562267303466796875000000          0.48450485102818358     
   9.57966763526201248168945312500000000          0.48243864772045947     
   9.58944280631840229034423828125000000          0.48050229454941251     
   9.59921797737479209899902343750000000          0.47869627882405535     
   9.60899314843118190765380859375000000          0.47702105587039101     
   9.61876831948757171630859375000000000          0.47547704891133297     
   9.62854349054396152496337890625000000          0.47406464895484951     
   9.63831866160035133361816406250000000          0.47278421469037085     
   9.64809383265674114227294921875000000          0.47163607239348104     
   9.65786900371313095092773437500000000          0.47062051583893044     
   9.66764417476952075958251953125000000          0.46973780622198946     
   9.67741934582591056823730468750000000          0.46898817208816812     
   9.68719451688230037689208984375000000          0.46837180927132427     
   9.69696968793869018554687500000000000          0.46788888084017610     
   9.70674485899507999420166015625000000          0.46753951705323477     
   9.71652003005146980285644531250000000          0.46732381532217621     
   9.72629520110785961151123046875000000          0.46724184018365400     
   9.73607037216424942016601562500000000          0.46729362327957169     
   9.74584554322063922882080078125000000          0.46747916334581407     
   9.75562071427702903747558593750000000          0.46779842620944345     
   9.76539588533341884613037109375000000          0.46825134479436520     
   9.77517105638980865478515625000000000          0.46883781913545625     
   9.78494622744619846343994140625000000          0.46955771640115668     
   9.79472139850258827209472656250000000          0.47041087092451916     
   9.80449656955897808074951171875000000          0.47139708424270538     
   9.81427174061536788940429687500000000          0.47251612514492025     
   9.82404691167175769805908203125000000          0.47376772972877063     
   9.83382208272814750671386718750000000          0.47515160146503249     
   9.84359725378453731536865234375000000          0.47666741127081069     
   9.85337242484092712402343750000000000          0.47831479759106760     
   9.86314759589731693267822265625000000          0.48009336648849871     
   9.87292276695370674133300781250000000          0.48200269174173421     
   9.88269793801009654998779296875000000          0.48404231495183297     
   9.89247310906648635864257812500000000          0.48621174565704112     
   9.90224828012287616729736328125000000          0.48851046145578636     
   9.91202345117926597595214843750000000          0.49093790813786736     
   9.92179862223565578460693359375000000          0.49349349982380580     
   9.93157379329204559326171875000000000          0.49617661911232036     
   9.94134896434843540191650390625000000          0.49898661723587900     
   9.95112413540482521057128906250000000          0.50192281422428930     
   9.96089930646121501922607421875000000          0.50498449907627774     
   9.97067447751760482788085937500000000          0.50817092993900848     
   9.98044964857399463653564453125000000          0.51148133429549580     
   9.99022481963038444519042968750000000          0.51491490915984894     
   9.99999999068677425384521484375000000          0.51847082128030353     
   10.0097751617431640625000000000000000          0.52214820734997358     
